Samples	group	TRM_0	TRM_1	TRM_2	TRM_3	TRM_4	TRM_5
1	ec10_GSM1297240	tumor	1.48690013160883	1.64925908109306	0.798362816092111	3.29968970404169	0.73693939881048	2.69807321576907
2	ec10_GSM1297241	normal	1.29910572334658	1.71095422372857	0.962590328704476	2.68213791454165	0.676177463430316	1.99769022426166
3	ec101_GSM1297310	tumor	1.4214486328391	1.54839863879787	0.785190725521535	3.22239663147731	0.866179070888924	2.49842459609609
4	ec101_GSM1297311	normal	1.57710610429953	1.88101459684	1.01704265574963	3.04130871429305	0.734206719176981	2.2632520656266
5	ec102_GSM1297220	tumor	1.45347254378236	1.71155263075052	0.792634581892325	3.27555314554117	0.607699726732036	2.51089849578972
6	ec102_GSM1297221	normal	1.55963297435324	1.82436924583116	1.023372985441	2.95989955512868	1.00827841183089	2.07620536954506
7	ec106_GSM1297312	tumor	1.5292937079097	1.67255675175152	0.876417199414245	3.35518955719417	0.834351390451696	2.60866239223417
8	ec106_GSM1297313	normal	1.4225733988769	1.69520107821845	0.960536162592759	2.6913504846524	0.865053849863366	1.95720722632017
9	ec108_GSM1297140	tumor	1.37328118946445	1.46793332169528	0.601825873657627	3.04847388114303	0.523468895675936	2.73798169074909
10	ec108_GSM1297141	normal	1.79125045299313	1.95743813843267	1.16359518099924	3.22037135161756	0.929352194181	2.23650339648809
11	ec11_GSM1297242	tumor	1.38792923075665	1.66478295570209	1.06210367127758	3.08115672006761	0.577640250763543	2.17909518400325
12	ec11_GSM1297243	normal	1.37332366352902	1.65221607144715	0.92929500174568	2.83212831255748	0.758318598296094	2.08562270306256
13	ec112_GSM1297222	tumor	1.11881162571481	1.31482234981133	0.646907164557129	2.86937275174772	0.238787976209613	2.65128029131399
14	ec112_GSM1297223	normal	1.47302440816789	1.65069216086013	0.920220344531562	2.98636161742542	0.779697797781707	2.21124141317121
15	ec117_GSM1297224	tumor	1.60525399822227	1.71695053842594	0.925288756677791	3.34124853228549	0.901382414402829	2.5794570401042
16	ec117_GSM1297225	normal	1.31149668698191	1.60072843598874	0.951882280048341	2.90073976961481	0.904918823340299	2.17767342140366
17	ec119_GSM1297142	tumor	1.38327613007384	1.80294039193054	0.736428529823219	3.22575420461364	0.445828644912393	2.46338286646754
18	ec119_GSM1297143	normal	1.29584544905294	1.81579433136039	0.996446633903905	3.01777172368207	0.683893264748432	2.26157538234744
19	ec12_GSM1297244	tumor	1.34991338273449	1.58295567744811	0.857803891723513	3.03235702630345	0.764909178588651	2.37684023170715
20	ec12_GSM1297245	normal	1.41675131556919	1.73092250969533	0.96890410790661	2.87817950107529	0.802362964153673	2.13575996788401
21	ec120_GSM1297144	tumor	1.42327676856623	1.70413734105852	0.718023935478159	3.31181061116146	0.52636232117023	2.51917174763213
22	ec120_GSM1297145	normal	1.320275518793	1.78284084555979	0.8776353017933	2.83476420364591	0.821973959170551	2.16854329865031
23	ec122_GSM1297146	tumor	1.42688716048346	1.64625209651536	0.718208273427267	3.39975069414828	0.302282591223276	2.78179524736318
24	ec122_GSM1297147	normal	1.4989038643411	1.7609293425344	0.913656077047032	3.04468173473018	0.482639447034239	2.25550146411137
25	ec129_GSM1297226	tumor	1.32782486005558	1.50898899786474	0.829096095327311	3.01104906089799	0.779376306060119	2.49338376702562
26	ec129_GSM1297227	normal	1.56960757593812	1.77259050934287	0.983006126157945	2.93503074862582	0.838370036971548	2.03548679919301
27	ec13_GSM1297246	tumor	1.51515785181473	1.75283865135846	1.06372320678303	3.04182342242494	0.583105610030542	2.38408614037067
28	ec13_GSM1297247	normal	1.57338770060849	1.81865539263954	0.992708140988311	2.99152359438907	0.93369233242244	2.239861330582
29	ec131_GSM1297148	tumor	1.22039563926276	1.54929728642166	0.270707068354261	3.32209043204839	0.498553287252853	2.63788758172695
30	ec131_GSM1297149	normal	1.46600275918286	1.63805321569627	0.867569035673136	2.9793983414024	0.779697797781707	2.304630355151
31	ec132_GSM1297150	tumor	1.8992543206706	2.04289838159734	1.03452179120201	3.55592029546814	0.639527407169265	2.59676384344979
32	ec132_GSM1297151	normal	1.53897381485436	1.80127872894232	1.01183612652142	2.93598057226907	0.910223436746504	2.24671369947135
33	ec134_GSM1297152	tumor	1.43795458866121	1.49202825823857	0.886769844331112	2.90693245510611	0.652226330171998	2.16401951298268
34	ec134_GSM1297153	normal	1.58166808715343	1.85269243640424	1.080088592738	3.0824318751952	0.881932165246745	2.33267486544366
35	ec135_GSM1297154	tumor	1.51598517721449	1.60039079617259	0.771715271795048	3.18956630592013	0.929512940041793	2.64708855285565
36	ec135_GSM1297155	normal	1.64347800709412	1.96402361407025	1.12131914576611	3.08771364199829	0.860070728178749	2.21368677600258
37	ec136_GSM1297160	tumor	1.58057074037253	1.62330225066304	0.573163825384973	3.43424404672933	0.899774955794888	2.72571414165257
38	ec136_GSM1297161	normal	1.51905685525859	1.70374713764911	0.967610459097786	3.02255799361871	0.811043240636553	2.16838510440465
39	ec142_GSM1297156	tumor	1.228710791457	1.40256418367494	0.634119793517115	3.1208016022682	0.495338370036971	2.59390868165961
40	ec142_GSM1297157	normal	1.56739887565186	1.83226078787899	0.983313119612	2.78744387129694	0.999919627069603	2.07261200560751
41	ec146_GSM1297162	tumor	1.43717733168043	1.56382835777157	0.953396686087542	3.35754301479783	0.875020093232599	2.71044858569264
42	ec146_GSM1297163	normal	1.51374399027821	1.63822953558671	0.959169041222444	3.14774925807745	0.862160424369072	2.37064806856795
43	ec148_GSM1297158	tumor	1.33751399733527	1.54366118728308	0.831997125170702	2.98590529390292	0.529416492525317	2.33722182986424
44	ec148_GSM1297159	normal	1.51500427909094	1.7556246735923	1.05864889739751	2.99326765470413	0.86248191609066	2.2161271833131
45	ec201_GSM1297228	tumor	1.51012442695944	1.68923285994696	0.85308441289241	3.34613042414178	0.678749397203022	2.62732382425216
46	ec201_GSM1297229	normal	1.86813261790609	2.07214147349323	1.20873503279595	3.30563301795147	1.01792316347854	2.32214662424243
47	ec205_GSM1297164	tumor	1.7894160445024	1.89187620368204	0.88239784519069	3.47440330776126	0.94783796817232	2.5632898042126
48	ec205_GSM1297165	normal	1.72052779430359	1.93794095466144	1.16210315427978	3.32106094920875	0.866661308471307	2.41333007026516
49	ec206_GSM1297166	tumor	1.64317025752167	1.80208612479646	0.885131286610196	3.42027955685194	0.657370197717409	2.50963385095773
50	ec206_GSM1297167	normal	1.84437020022381	2.02325902118497	1.13113393437539	3.36342744418451	1.00795692010931	2.35844676196773
51	ec207_GSM1297168	tumor	1.81561013120612	1.79949456932268	0.693437349511999	3.51155377936755	0.896238546857418	2.7455550308323
52	ec207_GSM1297169	normal	1.74390687306281	1.8060307760957	1.00630683334656	3.36794575989874	0.745458929432567	2.38378083382186
53	ec208_GSM1297170	tumor	1.45449530235265	1.65299020037566	0.639484675244414	3.34443778135024	0.811364732358142	2.59405784267181
54	ec208_GSM1297171	normal	1.88119821429497	1.83881717694962	0.892262239716895	3.35780629358293	0.819402025397846	2.37993408952596
55	ec210_GSM1297172	tumor	1.52131392683026	1.71498115945988	0.662811531277728	3.45139829821884	0.715560199324867	2.6855388493112
56	ec210_GSM1297173	normal	1.58807265227198	1.92402446989097	0.98543675546765	3.24844469065786	0.797058350747468	2.27074260975594
57	ec211_GSM1297174	tumor	1.28423848931407	1.56138318206586	0.339862274461767	3.09128061185328	0.526683812891818	2.74529067503516
58	ec211_GSM1297175	normal	1.61483515757433	1.88758509847639	1.0523080611955	3.1731775134578	0.565584311203986	2.20618429842157
59	ec212_GSM1297176	tumor	1.73217981132091	1.90976475712577	0.835609269805075	3.52664557664378	0.640652628194824	2.52868626552752
60	ec212_GSM1297177	normal	1.50199172557411	1.81103649386973	1.02370140725592	3.0824419127046	0.707201414563575	2.31219261642637
61	ec214_GSM1297178	tumor	1.50863704161454	1.83913666948851	0.777912874314361	3.42187693004878	0.490998231795531	2.55205222449674
62	ec214_GSM1297179	normal	1.53746763902012	1.84917670017704	0.952074027460594	3.18807310555637	0.812972190966082	2.31390110439144
63	ec215_GSM1297180	tumor	1.45412464041228	1.66217197598863	0.8783815198507	3.38935661429563	0.843353158656164	2.78678045861346
64	ec215_GSM1297181	normal	1.63506970740538	1.73632206438092	0.923364126185912	3.20665812443589	0.472190966082623	2.32293999590202
65	ec216_GSM1297182	tumor	1.61550439953669	1.77029435442694	0.720189242193823	3.38656305239175	0.629239672078444	2.64889757581988
66	ec216_GSM1297183	normal	1.53194070907323	1.72300375244094	0.922892117890499	3.23116164631686	0.650458125703263	2.30594869830183
67	ec217_GSM1297230	tumor	1.29859911437502	1.56000084951465	0.73627815628619	3.21072856901111	0.286529496865456	2.567138861719
68	ec217_GSM1297231	normal	1.70474816946961	1.87401088329535	1.10310829544478	3.13789524662366	1.02387076032792	2.28338290435659
69	ec218_GSM1297184	tumor	1.7118715504816	1.78595896313517	0.818445451053198	3.5912873334537	0.831457964957402	2.78452653660655
70	ec218_GSM1297185	normal	1.49033617966548	1.77794509357668	0.914151530488478	3.0500910684681	0.582944864169747	2.35565381094165
71	ec219_GSM1297186	tumor	1.88402809152422	2.02426592797565	1.0564794383605	3.63297161007281	0.818116058511493	2.54628300773683
72	ec219_GSM1297187	normal	1.56630525991113	1.67312262405489	0.927075612764534	3.1327256785738	0.811043240636553	2.40767201986018
73	ec220_GSM1297188	tumor	1.4932277422908	1.61116563366097	0.812081068368391	3.42078311417335	0.782108985693618	2.56154743297146
74	ec220_GSM1297189	normal	1.60455388272764	1.88055429623045	1.09692654617015	3.23346704331144	0.799791030380967	2.38876328202962
75	ec221_GSM1297190	tumor	1.62654746893032	1.5817765570505	0.842877540515493	3.49189637670985	0.486818839414885	2.81122531784073
76	ec221_GSM1297191	normal	1.88835625949274	2.11200761344166	1.12898798746319	3.15883284871192	1.03833788779939	2.22864444401009
77	ec222_GSM1297192	tumor	1.48564460515596	1.74265040629521	0.842304030615286	3.40863179788384	0.74401221668542	2.66368064269148
78	ec222_GSM1297193	normal	1.77999943809806	1.87164203003169	1.03787205208362	3.25855554603328	0.914563574987944	2.34875346618085
79	ec223_GSM1297194	tumor	1.63427548092505	1.79652974228986	0.853566367253383	3.53173200095222	0.882896640411509	2.57999337371518
80	ec223_GSM1297195	normal	1.73399251058514	1.93922524204752	1.23231896117523	3.18061553692463	0.860552965761131	2.30904907959739
81	ec224_GSM1297076	tumor	1.50896211454148	1.73417616693697	0.797364294783001	3.23856357305018	0.762337244815946	2.56862733227346
82	ec224_GSM1297077	normal	1.73284994379392	1.75952878718168	0.903858372309252	3.16396664601768	0.868590258800836	2.24466294372812
83	ec225_GSM1297078	tumor	1.48088223316307	1.72262927928648	0.690549559376311	3.40172150833876	0.662835556984407	2.75323406163776
84	ec225_GSM1297079	normal	1.88256861981183	1.93003283982275	1.08097969806962	3.2325266904957	0.848336280340781	2.24047726154778
85	ec226_GSM1297080	tumor	1.49226190918989	1.65919593382598	0.680460827991774	3.30004291869405	0.770053046134062	2.56148356869277
86	ec226_GSM1297081	normal	1.6377096731326	1.84773016922594	1.01805246464441	3.17710994449057	0.856373573380485	2.38451845837295
87	ec227_GSM1297082	tumor	1.83647731959903	1.98985220015584	0.999498755380587	3.60671432775716	0.857820286127632	2.55451730752996
88	ec227_GSM1297083	normal	1.76681205282124	2.08266531327064	1.23193569038118	3.36028578500486	0.854283877190162	2.3622251504319
89	ec228_GSM1297212	tumor	1.75367682661139	1.92934717008443	1.00747714929883	3.53211923274528	0.679713872367786	2.61393137339355
90	ec228_GSM1297213	normal	1.55955427929818	1.79013105402805	0.997085883317828	3.15802175432889	0.955393023629641	2.37091375374124
91	ec229_GSM1297214	tumor	1.49152738583604	1.71208028002687	0.793176316730155	3.35083945075761	0.747709371483684	2.61581315052536
92	ec229_GSM1297215	normal	1.68641243878873	1.96128173828218	1.10854091296761	3.20927514112925	0.846085838289664	2.28661487036323
93	ec23_GSM1297248	tumor	1.27154959067036	1.59563233816466	0.870911460283308	2.75871171704308	0.66331779456679	2.25586976983891
94	ec23_GSM1297249	normal	1.53422676854682	1.75774139100952	0.96456313575076	2.92490887713823	0.791592991480469	2.10430037309511
95	ec231_GSM1297216	tumor	1.67037973821156	1.86591794062081	0.930114453541869	3.39279036786038	0.834833628034078	2.60579839618871
96	ec231_GSM1297217	normal	1.53120486219171	1.78672517377217	0.946512996655583	3.10076512950771	0.687268927825108	2.32089894358355
97	ec234_GSM1297218	tumor	1.58356315096095	1.77116823585689	0.927263563748328	3.29648862557479	0.52636232117023	2.60258265948091
98	ec234_GSM1297219	normal	1.5596406899509	1.87782478659073	1.03141254096551	3.08608197543466	0.898810480630123	2.22258986452736
99	ec236_GSM1297196	tumor	1.7557855509713	1.90769089540694	0.884702187738005	3.51941104459898	0.511895193698762	2.61655797000013
100	ec236_GSM1297197	normal	1.41481941014752	1.79853881680915	1.00526163495548	3.03555350571239	0.701575309435782	2.21355398584437
101	ec239_GSM1297198	tumor	1.50861072000325	1.69648670117471	0.688916736110693	3.31970257933425	0.38153030059476	2.6978645743483
102	ec239_GSM1297199	normal	1.62458115994028	1.83317350802256	0.974165083238419	3.28253912816544	0.76603439961421	2.48254510469919
103	ec241_GSM1297200	tumor	1.7756747400575	1.8886120060757	0.945549095689039	3.4318649706657	0.74754862562289	2.5674694626324
104	ec241_GSM1297201	normal	1.66929065623847	1.89190464106799	1.1062877448673	3.26483630048214	1.0081176659701	2.36684724243948
105	ec243_GSM1297202	tumor	1.47331875120086	1.72106651923359	0.55753511090257	3.39407879922334	0.950409901945024	2.69870562060056
106	ec243_GSM1297203	normal	1.37329432407599	1.67194465407212	0.842445366150535	3.02339996368441	0.390853560520816	2.28668697861741
107	ec245_GSM1297204	tumor	1.66901913863397	1.7965595199303	0.943919467876729	3.38463753681229	0.776322134705031	2.48455676525706
108	ec245_GSM1297205	normal	1.67377340061564	1.91330463268478	1.08539264203704	3.13304966442826	0.870840700851953	2.25018284413723
109	ec246_GSM1297206	tumor	1.67729761820981	1.90332170718033	0.903187494691103	3.57354962237828	0.611557627391094	2.57421607796342
110	ec246_GSM1297207	normal	1.70272962574232	1.89695249864966	1.09827823709715	3.2165504624284	0.973557305899373	2.38261026991503
111	ec247_GSM1297208	tumor	1.55013218819676	1.75173359839866	0.879495499763146	3.47939592133968	0.799951776241762	2.68550877309792
112	ec247_GSM1297209	normal	1.34382320289185	1.68800688719994	0.928591352125223	2.97004010780228	0.715077961742485	2.14692747514519
113	ec249_GSM1297210	tumor	1.31729935634928	1.71960576399782	0.7928216320391	3.33124754344524	0.639045169586883	2.6706505359336
114	ec249_GSM1297211	normal	1.75640746529939	1.98111465012613	0.868838947209542	3.09650717872942	1.0026523067031	2.07028603436853
115	ec25_GSM1297250	tumor	1.6587976741666	1.84944339650039	0.912135665920853	3.22970281599227	0.604967047098537	2.39109391024172
116	ec25_GSM1297251	normal	1.5638044331886	1.80169979107795	0.899008390265032	2.93305002165331	0.701575309435782	2.18684223049291
117	ec251_GSM1297084	tumor	1.57648991545833	1.76888098370518	0.961192225223767	3.39544234392709	0.907008519530622	2.52367758123459
118	ec251_GSM1297085	normal	1.46300609696655	1.70960783679033	0.884523712876228	3.08502097156672	0.57635428387719	2.25632042447729
119	ec253_GSM1297086	tumor	1.55895219660088	1.65651879010816	0.75777831152116	3.38694640208917	0.587285002411188	2.78591646370275
120	ec253_GSM1297087	normal	1.62967537624097	1.8406385736367	0.982939082556571	3.15072376411062	0.950249156084231	2.26824591492587
121	ec256_GSM1297088	tumor	1.65503078322783	1.65985176150221	0.922950504020851	3.43401666491352	0.810721748914965	2.62429632502834
122	ec256_GSM1297089	normal	1.51089546281916	1.70857220336561	0.896137749734665	3.03434004468859	0.587927985854364	2.22434932580546
123	ec258_GSM1297090	tumor	1.47977037109846	1.67319785111768	0.835762126712395	3.33296872491763	0.686786690242726	2.75580583546842
124	ec258_GSM1297091	normal	1.49761013041207	1.84567025286853	1.04593029352928	3.05381560891266	0.89318437550233	2.16188810738392
125	ec259_GSM1297092	tumor	1.3932799441604	1.43711329353587	0.457109652280004	3.38125720746687	0.320125381771419	2.64375777817488
126	ec259_GSM1297093	normal	1.72004185573794	1.92832771846701	1.0784285093688	3.21703896091617	0.975325510368108	2.31231333753853
127	ec26_GSM1297252	tumor	1.41279237329698	1.71255834753321	0.802772760226729	3.40558253089256	0.764909178588651	2.56609656631572
128	ec26_GSM1297253	normal	1.5161072108228	1.80795407385643	0.920107103663769	2.90521803190349	0.909580453303327	2.17241731063364
129	ec260_GSM1297094	tumor	1.70764910791196	1.86315997005949	0.93003184875939	3.52991701196639	0.727455393023629	2.69729624447196
130	ec260_GSM1297095	normal	1.80254085194776	1.9221250143698	1.14826679459404	3.2280915996424	0.956196752933612	2.32081620000532
131	ec261_GSM1297096	tumor	1.4873175436924	1.70657225276099	0.75530498602799	3.33676083843946	0.757514868992123	2.75715175509598
132	ec261_GSM1297097	normal	1.53756819502136	1.71309250246147	0.911779317922168	3.14109761791248	0.757193377270535	2.28079091721571
133	ec262_GSM1297098	tumor	1.65433066755702	1.83208150854084	0.846076281792693	3.54573546628952	0.655119755666291	2.7914633054191
134	ec262_GSM1297099	normal	1.74701774242623	2.03877812375858	1.13050576546521	3.25167789048743	1.02885388201254	2.26952081432846
135	ec264_GSM1297100	tumor	1.61780161822004	1.64796036508495	0.764070727327195	3.41846700749723	0.573460858382896	2.70342824961053
136	ec264_GSM1297101	normal	1.68779849757499	1.93296271520026	1.05424197281681	3.27467812596806	0.978379681723195	2.34229010092875
137	ec265_GSM1297102	tumor	1.64057879808322	1.835098914066	0.817167530169653	3.48681240188749	0.791592991480469	2.62183806742524
138	ec265_GSM1297103	normal	1.58879659184661	1.88998575477763	1.11218499114205	3.19235781653985	0.842870921073782	2.23362212739268
139	ec266_GSM1297104	tumor	1.47018859303169	1.75593746532504	0.5648632608916	3.44812543104546	0.673444783796817	2.76736268923032
140	ec266_GSM1297105	normal	1.70993339207254	1.82004874611597	1.13393312053535	3.1132018427583	0.916171033595885	2.244751010842
141	ec268_GSM1297232	tumor	1.41572967515036	1.54139099507666	0.763572679889389	3.22109408641876	0.519771740877672	2.62901396086567
142	ec268_GSM1297233	normal	1.94810717590619	2.07522060025551	1.0952071740632	3.3198771718948	1.01374377109789	2.31335010574625
143	ec269_GSM1297106	tumor	1.65771288141601	1.70525881816613	0.796668109564834	3.29024937315375	0.701736055296576	2.65501866510094
144	ec269_GSM1297107	normal	1.74704814439595	1.98585490656865	1.20798691819625	3.0726882450313	0.924208326635589	2.14375198216685
145	ec27_GSM1297254	tumor	1.3446050336607	1.53031912075698	0.797631618720798	2.96793379300981	0.545330332743932	2.38248195194768
146	ec27_GSM1297255	normal	1.49112271320977	1.73386392987073	1.01546272168986	2.89684548499907	0.834190644590902	2.03435299047525
147	ec273_GSM1297108	tumor	1.58785847433455	1.71784669321521	0.869118767633082	3.42940991508559	0.399051599421315	2.69718028440457
148	ec273_GSM1297109	normal	1.68914498856844	1.90101770043093	1.11006001981881	3.23779659153895	0.935139045169587	2.36826648091898
149	ec274_GSM1297110	tumor	1.55170119727267	1.72122870473626	0.852135373912499	3.37754948541835	0.43505867223919	2.56151601200625
150	ec274_GSM1297111	normal	1.58278386977809	1.94672999367326	1.07709520828832	3.09548258446734	0.993168300916251	2.22118471882541
151	ec275_GSM1297112	tumor	1.52204348113271	1.61213902046024	0.821113513598906	3.43452907093553	0.409339334512136	2.72310706757248
152	ec275_GSM1297113	normal	1.64533662937211	1.86837238338072	1.16997371174409	3.16589703038426	1.01824465520013	2.27014278253991
153	ec277_GSM1297114	tumor	1.46141026371381	1.6161039020343	0.459186378139702	3.48529777493477	0.329448641697476	2.76790446303121
154	ec277_GSM1297115	normal	1.70466906632237	1.94815781854015	1.17665551178807	3.27596310644123	0.809596527889407	2.23418093762324
155	ec279_GSM1297116	tumor	1.52339014818437	1.79345683512392	0.979973810316494	3.33275561810376	0.670390612441729	2.58374760647533
156	ec279_GSM1297117	normal	1.464892753881	1.87152776928462	1.06323402253818	3.03660379469907	0.859106253013985	2.14146600566976
157	ec28_GSM1297256	tumor	1.3037272681095	1.48950771763037	0.737457244665503	2.98149539307887	0.707362160424369	2.6259410195623
158	ec28_GSM1297257	normal	1.43542582408201	1.7558918353459	0.93576878314721	2.95518557484954	0.767481112361356	2.21375220310021
159	ec280_GSM1297118	tumor	1.48373466593298	1.75937542716968	0.921790568290497	3.31096090610988	0.671355087606494	2.54503367040497
160	ec280_GSM1297119	normal	1.50081177150953	1.7319087569774	0.994540015928135	3.04227072872015	0.433451213631249	2.2363873183515
161	ec281_GSM1297120	tumor	1.29676323839847	1.45895703402014	0.703406531833049	3.13272915196212	0.630525638964796	2.50409318061576
162	ec281_GSM1297121	normal	1.42392907261855	1.64989820384178	0.866200822377757	3.00997729879858	0.520736216042437	2.29294284547996
163	ec284_GSM1297122	tumor	1.4910256630202	1.74275252563138	0.781305937753226	3.30421641070535	0.905079569201093	2.67445899945782
164	ec284_GSM1297123	normal	1.54892269906962	1.80290364959489	0.916198919323486	3.18764859207784	0.630525638964796	2.33415937043089
165	ec285_GSM1297124	tumor	1.62261207046421	1.84794148805842	0.921399005497302	3.37194424791078	0.760247548625623	2.44444771873639
166	ec285_GSM1297125	normal	1.56506132240663	1.72116389280848	0.943923226002707	3.14996902720814	0.953624819160906	2.34742448814128
167	ec287_GSM1297126	tumor	1.23402257895185	1.48787109101337	0.70108876894407	3.10161904193772	0.618148207683652	2.70325402684788
168	ec287_GSM1297127	normal	1.6670430834984	1.91908273574831	1.01835466024483	3.25907706634097	0.875502330814981	2.34544211703699
169	ec288_GSM1297128	tumor	1.56437858259569	1.75803898751287	0.898984542396783	3.57220369271342	0.518968011573702	2.72603084031308
170	ec288_GSM1297129	normal	1.63439606173041	1.90943043918863	1.01225443945735	3.28417160091116	0.910384182607297	2.32259755460534
171	ec29_GSM1297130	tumor	1.61157150962311	1.73025902928397	0.9323342977957	3.2197596447341	0.723115254782189	2.57320709381757
172	ec29_GSM1297131	normal	1.80101526847579	1.78407677802298	1.01758271602475	3.51561243931229	0.760890532068799	2.63207023557716
173	ec290_GSM1297234	tumor	1.42755687240992	1.70200702105831	0.824632027171397	3.21914283929201	0.603841826072978	2.57567528815467
174	ec290_GSM1297235	normal	1.78577232641081	2.00559509879117	1.14387601191552	3.50126198230925	0.508358784761292	2.39006263887975
175	ec297_GSM1297236	tumor	1.83063804848169	1.99008135694347	1.02594918215008	3.52546675088506	0.810721748914965	2.61053874560081
176	ec297_GSM1297237	normal	1.6367423571164	1.97591038714674	1.07352268840722	3.31787798514971	0.832422440122167	2.53270412974165
177	ec30_GSM1297132	tumor	1.41055296138873	1.52021829123316	0.863998230024357	3.2037577433639	0.775036167818678	2.38997982294818
178	ec30_GSM1297133	normal	1.39925920344597	1.57934990321029	0.88478189046562	2.8261963034894	0.677784922038257	2.09676613980794
179	ec302_GSM1296956	tumor	1.89972206163674	1.96256337557138	1.00841732022011	3.68213791454165	0.780180035364089	2.67688136451222
180	ec302_GSM1296957	normal	1.45381503562873	1.88837794623155	1.05499591949585	3.22388367888838	0.928066227294647	2.24925525934899
181	ec303_GSM1296958	tumor	1.32146990403489	1.51947410287579	0.885199221446234	3.26924800484296	0.787574344960617	2.63553282151737
182	ec303_GSM1296959	normal	1.44499382961797	1.74355743125532	1.04632549731853	3.08689014574566	0.874698601511011	2.19365201862282
183	ec305_GSM1296960	tumor	1.49772142033222	1.6180126623356	0.719986984012739	3.46301698965574	0.93369233242244	2.68950630601439
184	ec305_GSM1296961	normal	1.42932795077337	1.74318433547196	1.10418766734767	3.10689635539413	0.695306220864813	2.25315659543512
185	ec306_GSM1296962	tumor	1.27282474033019	1.31499493265612	0.482824892590015	3.08805129446664	0.2717408776724	2.59310247815567
186	ec306_GSM1296963	normal	1.60049957653806	1.82477132976051	1.00753914528687	3.12833462567691	1.01936987622569	2.13194126236924
187	ec308_GSM1296972	tumor	1.48135578224169	1.74042617239516	0.935322302388682	3.44936663319732	0.581819643144189	2.56976884996316
188	ec308_GSM1296973	normal	1.40363445293755	1.80231798477689	1.06246762355593	2.97045777987685	0.780823018807266	2.12723995078912
189	ec309_GSM1296974	tumor	1.62671362652223	1.8443031964039	1.01738749932904	3.50943214713721	0.729384343353158	2.4667476394005
190	ec309_GSM1296975	normal	1.4182783663898	1.65458339817866	1.04380287268531	3.12402928141779	0.872126667738305	2.18947528351478
191	ec31_GSM1297258	tumor	1.58119867376751	1.94300456712207	0.999024322768256	3.52858536599836	0.631811605851149	2.69437706791445
192	ec31_GSM1297259	normal	1.95988173553766	2.1924700829055	1.27070706835426	3.34189861549463	0.940925896158174	2.30617780121155
193	ec311_GSM1296976	tumor	1.46794113058528	1.48493047818858	0.939039106956726	3.15209960714694	0.790146278733322	2.56746191480502
194	ec311_GSM1296977	normal	1.32866313298765	1.59658526166743	1.04312500746648	3.04350709373242	0.757354123131329	2.20842567367868
195	ec312_GSM1296978	tumor	1.55414071813237	1.62281913698792	0.999879529718183	3.38565439560891	0.966484488024433	2.46324764340133
196	ec312_GSM1296979	normal	1.48929435022291	1.69741577576055	1.12832958691284	3.0178748854947	0.951052885388201	2.1796394283524
197	ec315_GSM1296980	tumor	1.47462584049394	1.65047354122281	1.01112220030182	3.30712851820145	0.680035364089375	2.6072877952599
198	ec315_GSM1296981	normal	1.52464665868719	1.65410876008054	0.924891758074147	3.01406807844903	0.703986497347693	2.16001249740657
199	ec316_GSM1296982	tumor	1.66142134689322	1.78257182040716	0.956128820073999	3.43839335314755	0.594518566146922	2.31417831556928
200	ec316_GSM1296983	normal	1.74888655394487	1.97588627469911	1.10106762130118	3.21634574766484	1.01374377109789	2.20638086274839
201	ec317_GSM1296984	tumor	1.6474532602526	1.78744920610055	0.953206550658882	3.4159941077832	0.552563896479665	2.44201783313286
202	ec317_GSM1296985	normal	1.63387719426775	1.78733626573405	1.06752387120045	3.16179283985986	1.04862562289021	2.20080722926553
203	ec318_GSM1296986	tumor	1.45706352434054	1.56095027477657	0.909223061504922	3.33352777669766	0.456759363446391	2.46953139062234
204	ec318_GSM1296987	normal	1.62179499711379	1.8914623679303	1.1447497872098	3.29765896582582	0.97661147725446	2.40345000766812
205	ec319_GSM1296988	tumor	1.41406146026139	1.48105218583766	0.839265033138292	3.29611471692947	0.88884423726089	2.52279288836445
206	ec319_GSM1296989	normal	1.42655528995385	1.70555998349566	0.879936006065875	3.07840376917824	0.724883459250924	2.28157562463921
207	ec32_GSM1297260	tumor	1.23298823848967	1.52712789916026	0.907835456354728	3.03536718195192	0.591946632374216	2.43275401156457
208	ec32_GSM1297261	normal	1.57145737346617	1.90974702020462	1.03436561814618	2.88277994467721	0.901221668542035	2.02529118268692
209	ec321_GSM1296990	tumor	1.46648361417091	1.64755681159226	0.837972455775751	3.16827330926539	0.768124095804533	2.41176924630496
210	ec321_GSM1296991	normal	1.39546140876023	1.6516943500839	1.06927899684163	3.05080104607126	0.805095643787172	2.20856719685408
211	ec322_GSM1296992	tumor	1.52510284259159	1.54157169418768	0.818587300629104	3.51430739911856	0.609146439479183	2.49693318838755
212	ec322_GSM1296993	normal	1.4690036604915	1.78774859754336	1.03106497233899	3.22903481213578	0.848818517923163	2.26141050115556
213	ec324_GSM1296994	tumor	1.40804627820185	1.57555677464797	0.863400941726969	3.254278850392	0.760729786208005	2.56859388311837
214	ec324_GSM1296995	normal	1.54637166400243	1.84485180202626	1.11451491027944	3.08810690107428	1.02676418582221	2.0967334326298
215	ec325_GSM1296964	tumor	1.58743543122531	1.56303526681341	0.965045223576237	3.33695393185824	0.701736055296576	2.56653770434433
216	ec325_GSM1296965	normal	1.46218280902358	1.86684618171232	1.13407125086225	3.12987187928866	0.883057386272303	2.3579665376395
217	ec326_GSM1296966	tumor	1.62962325769752	1.74901903529042	1.01754890902905	3.57833952799991	0.070326314097412	2.7106188202608
218	ec326_GSM1296967	normal	1.58284524002181	1.81038613239264	1.11160329200998	3.14239858142797	0.974843272785725	2.16334202093318
219	ec330_GSM1296968	tumor	1.48968071891842	1.63220983412993	0.844423464553233	3.3353736561758	0.606092268124096	2.55731183053246
220	ec330_GSM1296969	normal	1.37085489655243	1.67524968391843	0.977155937196089	2.98677090925971	0.890933933451213	2.15840217632659
221	ec331_GSM1296970	tumor	1.50701013797899	1.48050839532287	0.736411213682875	3.40859717422389	0.76249799067674	2.56425564844325
222	ec331_GSM1296971	normal	1.50317416521867	1.70724818569925	0.996970975472159	3.0796741988291	0.936425012055939	2.1651701989301
223	ec333_GSM1296996	tumor	1.58182311851256	1.48069518865788	0.781742371863773	3.30044293641786	0.881128435942774	2.42760606684179
224	ec333_GSM1296997	normal	1.4451772014401	1.74758046816039	1.03986649247886	3.05023801746127	0.965359266998874	2.08340092150104
225	ec334_GSM1296998	tumor	1.57542439170531	1.68337830626797	0.982835518635706	3.30742261444639	0.963430316669345	2.42371331954519
226	ec334_GSM1296999	normal	1.57157395099839	1.82799079446634	1.00144104431792	3.07117777729581	0.547902266516637	2.08298245754985
227	ec337_GSM1297000	tumor	1.39203423662933	1.46528607463302	0.884790366359507	3.22734489775779	0.265311043240637	2.5790602627936
228	ec337_GSM1297001	normal	1.42563470001522	1.7934746018526	1.05475226162275	3.03111008880713	0.902668381289181	2.12925266659163
229	ec338_GSM1297002	tumor	1.33785910942401	1.51840327160426	0.745492965794807	3.06482155933613	0.394229223597492	2.45022971765385
230	ec338_GSM1297003	normal	1.32646158495993	1.67602632480919	1.00035589754038	2.91869463877435	0.962465841504581	2.16443405102969
231	ec340_GSM1297004	tumor	1.53808302095578	1.58123313896503	0.98894069995702	3.29971294356242	0.573621604243691	2.44146634788475
232	ec340_GSM1297005	normal	1.18782748156664	1.27336255312573	0.4605832597828	2.68589207830227	0.680999839254139	1.94435441212951
233	ec341_GSM1297006	tumor	1.2645155235927	1.3791487945173	0.878876968763957	3.06095771820764	0.814740395434817	2.3173415068924
234	ec341_GSM1297007	normal	1.62300201304229	1.68367024483988	0.804617347809167	2.87327014054953	0.978218935862401	1.92777918408357
235	ec342_GSM1297008	tumor	1.38229764675599	1.51918350587237	0.888228594331216	3.24378356551384	0.758318598296094	2.36270010088983
236	ec342_GSM1297009	normal	1.6998747671261	1.81997779855757	0.762493214762431	3.31500418946316	0.919868188394149	2.18090572164683
237	ec347_GSM1297010	tumor	1.37331863376159	1.46106659171953	0.864988909686031	3.16604408351789	0.671355087606494	2.46469786414365
238	ec347_GSM1297011	normal	1.5608810003623	1.85887455470785	1.14808966376833	2.964907369427	0.963751808390934	2.02520104650876
239	ec353_GSM1297012	tumor	1.45459246665361	1.66449557493277	0.853485256590467	3.30775946990226	0.77037453785565	2.49598055085716
240	ec353_GSM1297013	normal	1.53314996877527	1.69321822952002	1.00356011075108	3.14498617402299	0.656566468413438	2.23040837759585
241	ec355_GSM1297014	tumor	1.69247997937948	1.78611833472051	1.05507958077431	3.42190315720356	0.703825751486899	2.47217428608964
242	ec355_GSM1297015	normal	1.64476326320904	1.89408507308967	1.06213116484783	2.98968178417358	0.82390290950008	2.15950069328815
243	ec36_GSM1297262	tumor	1.23984307041238	1.38968213668861	0.862122258393574	2.88617553498787	0.0876868670631732	2.5412584574172
244	ec36_GSM1297263	normal	1.48259569085367	1.62330505782554	0.881517315477908	2.70323948499205	0.539704227616139	1.84041482343803
245	ec361_GSM1297016	tumor	1.61772501180822	1.82471406092126	0.973253286608505	3.29883614643987	0.883539623854685	2.3671996959523
246	ec361_GSM1297017	normal	1.27785352938885	1.51116253493529	0.892404878205291	2.99260130339959	0.723276000642983	2.2404968534182
247	ec362_GSM1297018	tumor	1.08450340006897	1.1924700829055	0.665785147260067	3.06672914162606	0.266757755987783	2.48404866833247
248	ec362_GSM1297019	normal	1.37175336084635	1.59888324410113	1.01383554385702	2.98630102647078	0.954107056743289	2.16452305048875
249	ec365_GSM1297020	tumor	1.73143802423641	1.80485381329748	0.969111081378589	3.40872054477889	0.895595563414242	2.3839498856789
250	ec365_GSM1297021	normal	1.48711419708978	1.68460898211527	1.01501623048047	2.96205863382728	0.935299791030381	2.16065833919734
251	ec366_GSM1297022	tumor	1.17822665069176	1.2444895913095	0.67461286511124	3.17826971975976	0.715238707603279	2.63971255209427
252	ec366_GSM1297023	normal	1.49819809887592	1.75293639318958	1.10322107686363	3.01187493176213	0.94783796817232	2.11113003043716
253	ec367_GSM1297024	tumor	1.35830464278993	1.57866664555168	0.924277005280955	3.16477662988666	0.618148207683652	2.47016325122673
254	ec367_GSM1297025	normal	1.41629221713917	1.66591505147898	0.94333181352714	2.74026785432634	1.05119755666292	1.88472775404249
255	ec370_GSM1297026	tumor	1.62868242318475	1.75700474275571	0.976214248236847	3.3157853625395	0.926780260408294	2.24540764530455
256	ec370_GSM1297027	normal	1.45563337963097	1.69552829927818	1.05824869893128	3.02377645996432	0.776482880565825	2.17250417598803
257	ec371_GSM1297028	tumor	1.43337388730209	1.63895318474987	0.880971230031349	3.17015607147164	0.802202218292879	2.40812884475145
258	ec371_GSM1297029	normal	1.60006689220385	1.78515793938082	1.0678600671006	3.11991057224742	0.967931200771579	2.18756209360208
259	ec373_GSM1297030	tumor	1.50562519811806	1.6649250127713	0.996047579065919	3.36363946061583	0.785163157048706	2.495929745252
260	ec373_GSM1297031	normal	1.57655368235174	1.69576763765291	1.11805229389859	3.27685095915232	0.984488024433371	2.30138768389371
261	ec374_GSM1297032	tumor	1.4221274497584	1.32445276885976	0.879339763603027	3.03944108664005	0.569120720141456	2.21434040652669
262	ec374_GSM1297033	normal	1.38839016445646	1.53547522236576	1.11933943210765	3.0389585679917	0.921636392862884	2.19125840657184
263	ec375_GSM1297034	tumor	1.24157107373754	1.2512431732942	0.528269326261528	3.03830489011507	0.684857739913197	2.47311599323458
264	ec375_GSM1297035	normal	1.58421678049058	1.90141945962941	1.11102025718205	3.15073603751755	0.927744735573059	2.18556463227549
265	ec376_GSM1297044	tumor	1.4608502170493	1.56244170962562	0.908492078333256	3.34751745740529	0.29022665166372	2.52613722906375
266	ec376_GSM1297045	normal	1.51931300060507	1.79135754369069	1.1042427522989	3.07800189432402	0.945426780260408	2.18231079141433
267	ec378_GSM1297046	tumor	1.58808591410232	1.6776446076719	0.949115399254791	3.32207016053815	0.824063655360874	2.55279780167912
268	ec378_GSM1297047	normal	1.40776260787833	1.62562668354536	0.949071358296236	2.99403699948319	0.832743931843755	2.23274579426985
269	ec380_GSM1297048	tumor	1.59374570447293	1.82981053783126	1.05102683837956	3.46179682671653	0.743369233242244	2.45814591923016
270	ec380_GSM1297049	normal	1.43575696179976	1.72841814825479	0.997156633937936	3.02591967894961	1.00522424047581	2.17481321975983
271	ec381_GSM1297050	tumor	1.44811987735736	1.53297087417695	0.96163185940914	3.30062223012135	0.470744253335476	2.28832679953538
272	ec381_GSM1297051	normal	1.54751058253056	1.62403719965501	0.750513705151467	2.99281859354477	1.05007233563736	2.05141825934182
273	ec382_GSM1297052	tumor	1.37696163565859	1.61313650808793	0.798820662028935	3.27368853302259	0.718453624819161	2.48807387632245
274	ec382_GSM1297053	normal	1.76847678326542	2.03169958694787	1.23230239628265	3.21094701392043	0.936264266195145	2.10271708576187
275	ec385_GSM1297054	tumor	1.40991807892959	1.61980756979007	0.901265953952952	3.24143367551696	0.803970422761614	2.43535351947351
276	ec385_GSM1297055	normal	1.2378449535343	1.43725035240957	0.789428578480251	2.89956908102932	0.779054814338531	2.18103616107823
277	ec391_GSM1297056	tumor	1.59774589121992	1.74374569666588	0.933263098144219	3.35581724344568	0.722472271339013	2.35143658192421
278	ec391_GSM1297057	normal	1.42885557959777	1.67150023357916	0.994425825052018	3.03077683612773	0.778894068477736	2.21958487003136
279	ec392_GSM1297058	tumor	1.47153294657905	1.62733498669709	0.873152552976663	3.15070241060208	0.911027166050474	2.4622707250057
280	ec392_GSM1297059	normal	1.54044110102282	1.74627097741873	0.964622688292544	3.04508763616186	0.945426780260408	2.03481882228976
281	ec393_GSM1297060	tumor	1.16898437704906	1.41398084724432	0.878488126079203	2.95474188182888	0.58857096929754	2.35431741779228
282	ec393_GSM1297061	normal	1.59632037748275	1.56343489138646	0.584342283255775	2.84495369636013	1.07032631409741	1.81122531784073
283	ec396_GSM1297062	tumor	1.39085045800069	1.50324432094257	0.849704570224771	3.12359843263756	0.792878958366822	2.4707878558178
284	ec396_GSM1297063	normal	1.39634537094182	1.48379260593755	0.877700891299316	2.98129876321406	0.621845362481916	2.25574522119171
285	ec398_GSM1297064	tumor	1.63663306213236	1.75446487718159	1.01860601470046	3.50097781140055	0.715077961742485	2.50652212375069
286	ec398_GSM1297065	normal	1.46171901265539	1.75280531080864	1.00053269802121	3.05393759663037	0.768124095804533	2.31580442676031
287	ec4_GSM1297300	tumor	1.71999687885717	1.86459571721956	1.02559906171187	3.4362860352127	0.858624015431602	2.39823587879684
288	ec4_GSM1297301	normal	1.78929268751974	1.88503764485226	1.08030179191186	3.05263964480411	0.901382414402829	2.07475649983161
289	ec400_GSM1297066	tumor	1.40303071676291	1.4743453733256	0.872441062392759	3.31578625042659	0.530220221829288	2.63733122175589
290	ec400_GSM1297067	normal	1.49808595391568	1.60812820414151	0.991472140828789	2.88951319633649	0.913920591544767	2.07194584601074
291	ec402_GSM1297068	tumor	1.52819430801863	1.73909250706095	0.972674241003342	3.22656994409493	0.733402989873011	2.31266172880383
292	ec402_GSM1297069	normal	1.61597531813076	1.82104908281957	1.01634728338449	3.07153599255852	0.906847773669828	2.14691470522515
293	ec403_GSM1297070	tumor	1.52477969814508	1.61344779636105	0.876822422874749	3.10917683940032	0.93449606172641	2.46333035955148
294	ec403_GSM1297071	normal	1.47019157846119	1.5694241314141	0.986241587692049	2.90510734251288	0.781144510528854	2.07211770216495
295	ec404_GSM1297072	tumor	1.4000158405008	1.4654543802814	0.85667480339379	2.92897422555949	0.770053046134062	2.26204299604646
296	ec404_GSM1297073	normal	1.69690860324809	1.72710682594399	1.00333946606194	3.22426546844036	0.884182607297862	2.32566300799877
297	ec405_GSM1297074	tumor	1.39494670481495	1.27764960061135	0.678321719080746	3.15308778601955	0.939318437550233	2.37814059350886
298	ec405_GSM1297075	normal	1.38951738233717	1.52568622684833	0.968377414360133	2.95588692652028	0.948480951615496	2.20220910813608
299	ec406_GSM1297036	tumor	1.27193550121366	1.48308896648692	0.867696337428571	3.00300639900901	0.730670310239511	2.31969688038783
300	ec406_GSM1297037	normal	1.36662404947404	1.56375113162887	0.991480953539973	3.00726600946723	0.894309596527889	2.21026263057188
301	ec407_GSM1297038	tumor	1.52215336998013	1.4849572652657	0.976887992830097	3.40561460071995	0.401141295611638	2.54820582466273
302	ec407_GSM1297039	normal	1.53601646901569	1.70979705029165	0.978373407152449	3.0227971815193	0.852033435139045	2.15745702450853
303	ec408_GSM1297040	tumor	1.35373231532902	1.63137711266443	0.904766146721702	3.18731674916274	0.715077961742485	2.52487063496942
304	ec408_GSM1297041	normal	1.46249547708207	1.68980541223145	1.04814293860401	2.9909992430532	0.970181642822697	2.22143040884896
305	ec409_GSM1297042	tumor	1.28697642484268	1.33372882631619	0.925427880810475	3.0481920496701	0.518807265712908	2.38284902954264
306	ec409_GSM1297043	normal	1.56940707309244	1.59965987728662	0.760861678935262	2.78229555277899	1.05827037453786	1.89526862332997
307	ec42_GSM1297264	tumor	1.61251948156363	1.73401351673832	0.658012468729672	3.34526901898509	0.796897604886674	2.66806233473192
308	ec42_GSM1297265	normal	1.34165873560153	1.63798661088895	0.955414123363087	2.78120650549399	0.85026523067031	2.10151720772658
309	ec45_GSM1297266	tumor	0.959881735537664	1.39885138257775	0.490082030975116	2.85870824337806	0.620880887317151	2.58708262864752
310	ec45_GSM1297267	normal	1.43329180590443	1.75412978956583	1.00110911993861	2.88062554497235	0.423163478540427	2.0072000718478
311	ec46_GSM1297268	tumor	1.32565672533761	1.45209363850362	0.886318197732139	2.85590097744503	0.859588490596367	2.44219605697477
312	ec46_GSM1297269	normal	1.59278381504007	1.81176869471605	1.10185134210939	3.06652538123078	0.35163157048706	2.23239541332216
313	ec49_GSM1297270	tumor	1.30024258985926	1.76381324559739	0.755074639996251	3.22196695836359	0.218051760167176	2.60226292188608
314	ec49_GSM1297271	normal	1.24383406440056	1.79888061086075	0.863620148322756	2.68650358811756	0.700450088410223	1.88201428040669
315	ec51_GSM1297272	tumor	1.21402221061158	1.63705624280066	0.724620500919506	3.14794253940705	0.593232599260569	2.4648946559156
316	ec51_GSM1297273	normal	1.49017933021977	1.73417733227059	1.00549287958924	3.06205041208783	0.635348014788619	2.2979082791211
317	ec52_GSM1297274	tumor	1.41821182784163	1.77931956499447	0.860210004983911	3.15959730822676	0.537936023147404	2.51801080518545
318	ec52_GSM1297275	normal	1.47721029617853	1.74947215627235	0.992368035686659	2.97561897874393	0.635669506510207	2.21964718537791
319	ec6_GSM1297302	tumor	1.55531795639453	1.78019962375382	0.830784111726137	3.55538167251818	0.264346568075872	2.77326864770231
320	ec6_GSM1297303	normal	1.44503226026271	1.63873106647118	0.927767805753697	3.01843615587075	0.707522906285163	2.26860947321973
321	ec60_GSM1297276	tumor	1.24333998850762	1.69201233778642	0.603526773280134	3.17721439912741	0.648529175373734	2.6112119846009
322	ec60_GSM1297277	normal	1.1209477279754	1.60070738254292	0.918840303766513	2.80187247947556	0.603359588490596	2.10657106122541
323	ec61_GSM1297278	tumor	1.2964748238218	1.38795273509034	0.813178927663186	2.91870937008484	0.567513261533515	2.50686264756714
324	ec61_GSM1297279	normal	1.63139798418984	1.86312573145659	1.08093756690815	3.13446036799093	0.82036650056261	2.34084714034379
325	ec68_GSM1297134	tumor	1.43033086426845	1.61135596701126	0.80776949308127	3.38450330155622	0.600948400578685	2.73275311241123
326	ec68_GSM1297135	normal	1.53135092836043	1.81803704240966	0.982529224462634	3.00748038610337	1.01342227937631	2.2182580457684
327	ec7_GSM1297304	tumor	1.55364996785573	1.68384449503247	1.05390775981513	3.12985025326992	0.883057386272303	2.25258411991173
328	ec7_GSM1297305	normal	1.46472143543466	1.75250905464837	0.983385005146405	2.95940464219646	0.826957080855168	2.17135614620234
329	ec71_GSM1297280	tumor	1.40858673908699	1.6606664000752	0.646804788515353	3.14398587882465	0.762658736537534	2.62331112500154
330	ec71_GSM1297281	normal	1.70247907153235	1.88928703359327	1.10936585723809	3.17172101558408	1.01342227937631	2.33821515842609
331	ec73_GSM1297282	tumor	1.63687549725289	1.83691685569547	0.908834767907301	3.47542351300738	0.6684616621122	2.68104248355334
332	ec73_GSM1297283	normal	1.37093239102153	1.54920687090876	0.917991038696623	2.98642661951629	0.726812409580453	2.30173112762652
333	ec74_GSM1297284	tumor	1.26218968921482	1.59749175529888	0.76960111623629	2.99005914774079	0.847693296897605	2.60179889282211
334	ec74_GSM1297285	normal	1.42474307210804	1.64827106062853	0.93534939904806	3.10376348248808	0.758800835878476	2.35597774196723
335	ec76_GSM1297286	tumor	1.37825398810584	1.28188530816376	0.657445218299982	2.99905478278658	0.560440443658576	2.64006967596505
336	ec76_GSM1297287	normal	1.47302588532553	1.77177615596495	0.990010456444602	3.01881446843606	0.930798906928146	2.2212502180846
337	ec77_GSM1297288	tumor	1.32063381925736	1.61464939066459	0.850073221480742	3.08663610889737	0.735331940202539	2.56575041877952
338	ec77_GSM1297289	normal	1.44461678395963	1.67141762646721	0.945972839695393	3.0349461431027	0.847371805176016	2.26506747354203
339	ec79_GSM1297290	tumor	1.24761412357496	1.45529767278795	0.68524949827887	3.14852511794067	0.346809194663237	2.71503308976348
340	ec79_GSM1297291	normal	1.45890365411894	1.70436674155585	0.91460044552818	2.94121802665198	0.72906285163157	2.23211991298322
341	ec80_GSM1297136	tumor	1.20591517034786	1.57937514573072	0.866214969864907	3.00475770152398	0.48151422600868	2.54122448752416
342	ec80_GSM1297137	normal	1.37802596186306	1.58174192539891	0.93123640064879	2.69842396478726	0.725365696833306	1.95639972186725
343	ec81_GSM1297138	tumor	1.27007138142766	1.47243857991338	0.649693539063964	2.92500288994297	0.94590901784279	2.48447163386494
344	ec81_GSM1297139	normal	1.41005998612366	1.65601770869602	0.943177956537433	2.95814841213654	0.83097572737502	2.07457995269636
345	ec87_GSM1297292	tumor	1.43448023154951	1.82641880492838	0.931181908190908	3.30845206099213	0.830493489792637	2.45846234602602
346	ec87_GSM1297293	normal	1.56991204085699	1.89518344350064	1.04151831717399	3.04094010466311	0.881449927664362	2.27796585794331
347	ec9_GSM1297238	tumor	1.45486459589983	1.65059250503178	0.902685681318051	3.18150255720059	0.680035364089375	2.70808375658031
348	ec9_GSM1297239	normal	1.44067695872927	1.68091140805537	0.934955123744825	3.04088924781303	0.814579649574023	2.26204420696923
349	ec91_GSM1297294	tumor	1.3467578313752	1.55190206237926	0.855193360530279	2.80101369895993	0.755907410384182	2.28569926325939
350	ec91_GSM1297295	normal	1.423670223808	1.59360357396158	0.86468942607436	3.05396338283112	0.780340781224883	2.3072243876707
351	ec92_GSM1297296	tumor	1.56171366977202	1.64609753842014	1.02108345760464	3.24108995451459	0.565423565343192	2.46445660714883
352	ec92_GSM1297297	normal	1.44012241133768	1.78170093205286	0.952676763805658	3.02479927158077	0.667014949365054	2.32599703625308
353	ec94_GSM1297298	tumor	1.7596853495812	1.91142654649975	0.886834248551724	3.56371731170549	0.505786850988587	2.65386557456734
354	ec94_GSM1297299	normal	1.77792944404321	2.02597326806854	1.12905459243038	3.15136412199082	0.801880726571291	2.3714252119266
355	ec96_GSM1297306	tumor	1.52844761544177	1.80825581352758	0.843842538410202	3.37853690033727	0.865857579167336	2.65162701795331
356	ec96_GSM1297307	normal	1.75295666255402	1.99524980639233	1.09232140473072	3.12890957340657	0.866661308471307	2.33085712423888
357	ec97_GSM1297308	tumor	1.60474869416028	1.68066959318491	1.08435950732332	3.42623287630064	0.744655200128596	2.65012884192465
358	ec97_GSM1297309	normal	1.75938209642819	1.81705576879191	0.817232077141088	2.97644575731771	1.02676418582221	2.08171302824867
