T cells	CD8 T cells	Cytotoxic lymphocytes	B lineage	NK cells	Monocytic lineage	Myeloid dendritic cells	Neutrophils	Endothelial cells	Fibroblasts	ABLIM1	CSTB	MAL2	SLPI	FANCB	IFT57	KIF11	PPEF1
ec302	10.89405025	12.249236	9.47911066666667	10.0575693125	8.2186042	12.3106108333333	9.68122566666667	8.96443058888889	9.36429927083333	13.53627525	12.457374	13.604549	12.497643	11.263331	10.626499	8.782928	12.768677	4.83174
ec303	9.664333575	8.998471	10.8667228666667	9.1438625	7.84038112	10.1829745	8.068646	9.65910888888889	9.64052225	12.2514296875	12.713917	15.161421	14.745225	13.680191	10.515734	7.2651906	12.317589	4.4055204
ec305	9.847292325	10.125471	8.516605	8.069503425	8.152534	11.3470370166667	8.00232116666667	9.11452388888889	9.669787625	13.1386047375	11.701794	13.967923	13.816941	11.265507	10.950514	7.110823	12.307015	5.9164643
ec306	9.0494207	9.023719	8.25085156666667	7.2381052875	6.8561889	10.1406230833333	8.22132266666667	8.80483604444444	9.43736355416667	13.331689875	9.893261	13.353104	12.643264	10.052471	10.8618555	7.7773814	13.237599	6.0655003
ec325	9.800860375	9.437792	7.97952646666667	9.50679005	7.44121694	10.5266119666667	8.36253513333333	9.60808118888889	9.61825562083333	12.7292450625	13.396705	14.833201	14.355342	13.444977	10.300784	8.389134	12.377495	4.972824
ec326	10.376507125	11.850396	9.54104	9.0525108875	8.73668726	12.1130565	8.43016153333333	8.75280403333333	8.8571833	12.717275375	10.945958	14.247144	13.484906	13.195907	11.917062	8.256912	12.720234	4.5608187
ec330	9.30614825	10.250876	8.11671373333333	8.55179525	8.0339766	10.3835961666667	7.82023533333333	8.9104962	8.865536825	13.41736975	11.995201	13.859348	14.351112	11.8452835	10.848198	6.6274176	12.637759	4.8478823
ec331	9.693834125	10.375784	8.0480981	8.2694399375	7.6538259	10.8936545833333	8.4010471	9.05414867777778	9.8072302625	13.6757719375	11.666578	13.475714	13.772721	11.460312	10.610102	7.806641	12.502774	5.549739
ec308	11.126009125	10.582906	8.84347783333333	9.0482408375	7.94136676	11.8630706666667	10.184956	10.0199557777778	9.39845759166667	13.07069125	13.439152	15.669471	14.5387945	14.341203	10.609264	7.3831077	12.842517	5.2667217
ec309	10.4660929375	11.4094095	8.621904	9.8287384	8.39174232	12.0331794166667	8.7600102	9.44585684444444	9.6074050625	13.8492495625	12.258928	14.765932	14.033913	14.431876	9.977358	7.5712547	12.108512	3.8511899
ec311	9.4110501875	8.237158	7.0200489	7.3386320625	7.2972634	11.1618135	9.119848	9.98722333333333	9.78083905	13.72455625	11.945734	14.932464	14.043718	13.853852	10.576345	7.061268	12.650119	5.9281797
ec312	10.039431875	9.764529	8.1506619	7.6688837875	7.88516404	10.8947260666667	8.34710533333333	9.29795988888889	9.3447552625	13.2176708125	13.525084	15.239889	14.218354	15.226988	10.575976	8.035767	12.853267	6.0930486
ec315	10.141833375	9.619066	10.4088771666667	8.977760575	7.51434722	10.08294725	8.57902116666667	9.68913672222222	9.53872039583333	12.312696	13.292086	15.61396	14.66999	13.555916	10.68226	8.251561	12.4758005	4.7188125
ec316	10.196938125	12.951548	8.294247	9.035302625	8.10974216	11.1632128	9.60347333333333	9.42064733333333	9.68628644583333	13.35508325	12.13349	14.422546	13.478752	13.481649	9.669456	8.454651	11.116908	4.2713437
ec317	9.9501853	8.684436	8.0093575	8.955473125	7.22879046	11.3472658333333	9.6360625	9.98949128888889	10.2084771875	14.0640645	13.07261	14.564186	14.440582	14.572986	9.887923	6.842681	12.303013	7.030689
ec318	9.710073375	9.47426	8.10967956666667	9.2484962125	7.75510048	11.136759	8.26758626666667	9.53446133333333	9.09548520416667	13.5014439375	11.854147	14.188174	13.239122	13.659114	9.967605	6.886714	11.896703	5.6285753
ec319	9.2181614	8.03722	7.34714783333333	7.8154358125	7.48646428	11.4361821666667	8.85679556666667	10.307498	9.71472056666667	13.4212318125	12.869585	15.622783	13.965006	14.946578	10.380058	7.1388364	11.985395	7.5134525
ec321	8.737900825	8.101844	7.52836606666667	7.4951387875	7.58308538	11.16641585	8.47649666666667	9.5497203	9.951417975	14.203130625	12.152865	14.7866125	14.018935	13.913175	10.035119	7.29421	11.974842	6.169001
ec322	10.08057375	10.603556	9.33961346666667	8.6131655625	8.0197838	11.3421641666667	8.21221786666667	8.92461468888889	9.32227955	13.3647705625	11.667331	14.0305	13.800437	13.113691	10.106798	6.3101735	12.1192255	4.1097116
ec324	9.5982585875	9.157363	10.1785156666667	7.9506024375	8.04924304	10.1910781666667	8.04482976666667	10.1918047222222	9.52584733333333	12.84240375	12.857065	15.50072	14.515057	15.211018	11.213925	7.7267227	12.442775	4.740504
ec333	9.534510575	11.762435	7.38815356666667	8.3358133875	7.22710926	10.026469	8.51528676666667	8.80636937777778	9.10915374166667	13.340467625	11.359858	13.338754	13.820657	9.354351	10.503143	7.6869154	11.963113	4.7114954
ec334	8.9417770625	9.483246	7.1643639	7.874035675	7.69679892	10.5087030333333	7.68306066666667	9.33958321111111	9.20036763333333	13.38531165	12.71375	14.529932	14.223043	13.692425	10.672272	7.226665	11.865963	3.9436111
ec337	9.793117125	11.180736	10.0418398	7.8721084375	7.7538881	10.2488045	8.8589492	8.56711883333333	8.86205350833333	12.8873654375	11.041292	14.206574	12.590814	13.510707	11.965103	7.6446266	13.216976	3.8863285
ec338	9.3546320625	8.990351	7.7205259	7.69586725	7.91014722	10.1512369166667	8.0993422	8.84776216666667	9.0462354125	13.070076625	12.8710575	14.109834	14.541075	12.924278	10.304438	6.010944	12.50811	4.9091964
ec340	9.867822325	9.091238	7.838636	9.111963875	7.9633236	10.411766	7.69370906666667	10.2855192555556	8.947307625	12.7200035	12.696699	15.445159	14.480991	14.166599	10.745249	6.430506	11.794006	4.488049
ec341	8.52742755	8.338874	7.52669333333333	7.49006555	8.5049826	10.4332836666667	9.52305973333333	8.70642676666667	8.9350657375	12.8276525	11.929329	14.90527	14.548747	11.55638	11.086198	5.8002853	11.137045	4.037227
ec342	8.9000613125	8.769303	7.98721116666667	8.962503375	7.94212778	10.2365872666667	8.79633486666667	10.1693323333333	9.55834858333333	13.7590025625	12.977174	15.038407	14.440582	14.13912	9.536694	7.2099023	11.678384	4.3725586
ec347	9.3533446	8.651975	8.939105	7.7564165875	7.7509787	9.90035933333333	8.19793356666667	9.65956228888889	9.02134787083333	12.8144180625	13.271344	14.762923	14.238695	13.842115	9.833624	6.354556	12.164924	4.1871986
ec353	9.7537067625	9.508051	7.919874	7.897706675	7.750499	10.3386699166667	7.8734158	9.66881285555556	8.89462534583333	13.2702415625	12.381254	13.961364	13.660387	13.973383	10.949107	8.438565	12.786056	5.6691213
ec355	10.2479093	10.570999	8.01606656666667	8.0716319875	8.02305686	10.7921384166667	9.61109333333333	9.0966243	9.45468265	13.67439925	12.070999	14.517157	13.736945	14.172084	9.377568	7.3427534	11.719287	6.614704
ec361	9.685901625	8.677746	9.56448136666667	8.33639375	7.18410282	11.4453656166667	9.18760966666667	9.1785497	10.0821313708333	14.2135285	11.534692	14.218354	13.245716	13.57156	10.069304	7.466443	11.739353	5.517779
ec362	8.2129019125	9.415	8.15624266666667	7.5463203875	7.68374122	9.08916818333333	6.54046033333333	9.35347911111111	8.605741625	12.88189025	10.080124	13.805788	13.420591	10.374142	11.321441	7.13313	12.586104	4.9492273
ec365	10.345251375	11.211487	8.70536466666667	8.3315571875	8.37094932	11.4045605	8.77268016666667	8.55351646666667	9.23503709166667	13.882401875	10.921578	13.520172	11.804277	9.594562	10.455641	6.4514246	11.877188	7.6080804
ec366	9.288625175	10.782696	7.41586236666667	7.7012254625	7.26192552	9.9293283	10.5130343333333	8.16268692222222	8.24093704583333	12.2809303125	10.890319	13.634232	13.145517	8.737793	11.127551	8.081842	12.815909	4.1137505
ec367	9.37086465	10.879008	7.406669	7.7556253	7.40231852	10.214695	8.19427066666667	8.47004508888889	9.36992528333333	13.282339875	11.300016	15.084414	13.986477	14.040028	11.374284	8.218581	13.561808	3.6906896
ec370	9.4588413125	9.671433	7.9269	8.3255106875	7.5093548	11.0258448333333	9.33498466666667	9.62817483333333	9.6009509	13.865685125	13.287277	14.613139	14.307855	14.324525	9.300045	6.9971166	11.470755	4.940188
ec371	8.7318618375	8.09777	8.91251316666667	7.6675622625	7.82463168	10.4748252833333	6.83992723333333	10.7771536444444	9.961169125	14.5234555625	10.820713	14.917499	14.245523	13.025195	10.605139	7.7916226	11.944985	6.403617
ec373	9.7411818125	9.527148	8.295428	7.769328125	7.92284304	10.60940655	8.0509408	9.74499582222222	9.58442478333333	13.530523625	13.047532	15.581877	14.543701	14.719873	9.677009	7.356528	12.094626	3.9411848
ec374	9.2152367125	11.615699	7.677228	7.519556375	7.34616678	10.06132695	8.26758416666667	8.24549166666667	7.76197465416667	13.1759449375	12.339713	12.942716	13.539482	8.021261	9.156381	6.673101	11.996311	4.7689285
ec375	8.8247973125	12.281361	6.47056176666667	7.2701181625	7.3751512	10.1668683333333	7.51086023333333	7.10087042222222	9.38206880833333	13.031424	10.022602	13.346525	13.350769	8.435148	10.283445	8.878761	11.963832	4.2533126
ec406	8.476976175	9.372096	6.8399471	7.511210775	7.7492738	9.38768566666667	8.179761	9.09042166666667	8.99856014583333	13.6142211875	12.839115	14.66444	14.302716	14.39316	9.729437	6.058317	11.756788	4.242702
ec407	10.485122925	10.009988	8.52453116666667	8.8479220875	7.80286084	10.9300042166667	8.29331213333333	9.57410577777778	9.3344374375	12.8395405625	11.843971	14.863902	14.325004	14.536982	9.784028	6.3749976	12.610851	4.3545475
ec408	9.144980175	9.305253	9.1894257	8.6720442875	7.94493846	10.9992896666667	7.7095986	9.43257161111111	9.16769845	13.563660875	11.675464	14.300817	13.452835	14.508011	10.558642	7.300922	12.1345825	4.826675
ec409	8.083453525	7.7251077	7.13203033333333	8.2584362875	7.681215	9.6854765	8.31380876666667	8.64431517777778	8.57159735	12.80593125	12.565504	14.1497345	14.324525	14.050707	11.66355	8.021619	12.728275	5.221961
ec376	9.9770848375	9.783496	7.774833	9.1545253875	7.774403	10.8892745	8.435453	9.0562363	8.95527394583333	13.3111200625	12.517768	14.137919	13.649563	11.245408	9.815841	5.9937882	12.071482	5.336389
ec378	9.5434842625	9.111867	7.93405466666667	8.6878866375	8.00460334	10.9394304333333	8.3314135	10.5148953333333	10.0089501541667	13.1835351875	12.452126	15.312932	14.707843	15.487171	10.217508	6.458189	11.737201	4.8064218
ec380	10.636518125	9.871146	8.81128666666667	11.74414775	8.28416526	11.0758368333333	8.17319793333333	9.40506018888889	9.251121925	13.418710875	12.714292	14.6617	14.243563	13.5854	10.350677	6.9829984	12.240401	4.6148324
ec381	9.5991358	10.722156	7.75254866666667	7.834295375	7.44836704	10.8828436666667	6.94122456666667	8.43463436666667	9.30056762916667	13.7504308125	12.81217	14.835266	14.341727	14.571156	9.994544	7.6883264	11.849314	4.4656653
ec382	9.23887595	9.269462	9.49860933333333	8.1674562	7.5860544	11.2548509333333	8.1452659	9.61974823333333	9.52662689583333	14.051808625	11.162343	14.717723	14.564806	13.451953	10.119549	5.8956513	12.077928	6.5125446
ec385	9.21157925	9.943834	7.390668	7.5492566	7.96001782	10.2450625	8.620636	9.03584694444444	8.57721203333333	13.25840175	12.386979	14.753576	14.265929	13.644486	10.398739	6.041257	12.533244	3.99029
ec391	9.704959075	10.161745	9.65392466666667	8.5293533625	8.6112908	11.6771025	8.14097266666667	9.74516714444444	9.86610925	13.93482975	10.692991	13.839565	13.789288	12.405602	10.189663	6.678831	11.140329	6.0930486
ec392	8.2129044125	9.9704485	5.5414936	7.4319147375	7.85087428	9.54807351666667	7.51958666666667	9.29314075555556	9.20605400416667	13.139325375	13.49274	14.637068	14.203316	15.335497	9.3978195	6.094285	12.356108	4.164248
ec393	8.27879095	8.918427	7.44421596666667	7.6443816625	7.78231972	9.79574291666667	8.6536929	8.8862016	8.64008245	13.2365895	12.720739	15.375481	14.547532	14.334513	11.021278	7.2034903	11.922615	4.5508223
ec396	8.9382504375	9.357708	8.5419672	8.0139328625	7.7430004	10.0743190833333	7.30590513333333	9.60118217777778	8.77538468333333	13.63795025	12.432166	14.45073	13.645169	13.460636	10.901023	7.018171	11.970931	3.9200082
ec398	10.6077578	11.91961	9.12287566666667	8.7863875	8.570731	11.4179182166667	8.9868652	9.27890955555556	9.1302669	13.5709628125	11.708986	14.613139	14.065475	13.446363	10.900883	6.996834	12.405602	4.5760865
ec400	9.23158315	9.540413	7.68798166666667	8.061938075	7.7898076	9.9130915	7.49094256666667	9.16517861111111	9.08718947083333	12.9913498125	11.772085	14.084408	13.287561	13.236748	10.906447	5.8878207	12.579069	5.0438337
ec402	9.46649825	11.622574	8.8957049	8.0560289	7.71273158	10.0267721666667	7.87483256666667	8.83472122222222	8.51725639583333	13.879236875	12.911672	13.901484	14.581083	13.9247465	10.1249275	6.7731805	11.855037	4.028837
ec403	8.974317725	9.224853	8.25657453333333	7.7939742375	7.68532666	10.5727011666667	7.32822866666667	9.74592138888889	9.5822323875	14.199732625	10.601185	13.914286	14.291303	12.020049	11.323251	6.1365504	12.229775	4.9753385
ec404	8.0363546375	8.42821	6.63772	7.8335921875	8.5267927	9.81570825	7.04937543333333	9.7723774	9.67337717916667	12.367279375	13.913523	16.00943	15.181444	15.499541	9.6737385	6.2790756	12.485559	3.4618678
ec405	9.4567758375	9.631437	8.98347633333333	7.5609982	7.54162474	10.2965427166667	7.34135166666667	7.73365903333333	8.92409435	13.0911461875	8.971787	13.245716	13.361072	10.667508	11.005308	6.7715507	11.84012	4.8149066
ec224	9.64591775	8.68657	9.48317223333333	8.9024676875	7.25434412	10.7721539166667	8.95983633333333	9.6782325	9.91515722916667	14.330458375	13.427333	16.109922	13.745098	15.237652	9.44671	8.001687	12.209741	6.589006
ec225	9.83537445	8.968219	7.6119559	8.293403875	7.04407616	11.6049013333333	10.2856103333333	8.8342349	9.94778547916667	14.15761	11.577194	13.998449	14.084344	13.597687	9.801046	7.6930513	13.071874	7.164871
ec226	9.9346569625	9.296921	9.39354483333333	8.3507628375	6.9807348	12.0044603333333	9.75810666666667	8.91592908888889	10.106485625	14.6457375625	11.103274	13.78973	12.839799	14.841605	9.76481	7.874141	12.050737	7.7336254
ec227	11.47761075	11.56669	9.69957833333333	10.825321625	7.9166567	12.6141888333333	10.526984	10.0250195111111	10.4383248125	13.65143825	12.819221	15.296048	14.262921	15.16405	8.68463	7.655283	11.897513	5.031543
ec251	10.500138875	9.573835	7.89077743333333	8.7325028625	7.04373782	12.0500566666667	9.24803253333333	9.88832586666667	9.96955583333333	13.91400725	12.124499	14.450917	12.543561	14.738602	9.627691	7.294755	12.247353	6.652886
ec253	11.10298075	10.689337	10.0734015333333	9.89217475	7.20622888	11.4541266666667	10.6646	9.73543983333333	9.81975462083333	13.738147875	12.941758	14.474319	11.666576	13.175984	10.59833	9.064741	13.506799	8.74819
ec256	10.545278675	11.486387	8.19487113333333	10.526660625	7.24986188	11.6833627666667	9.09518566666667	9.65974825555556	9.29917246666667	13.0310048125	12.340685	14.547186	13.430141	13.885693	9.796717	7.6375375	13.088513	5.5682526
ec258	10.58148125	10.53237	8.75422616666667	9.8433335	7.55646468	11.4089873333333	9.81530026666667	9.50748458888889	9.58647901666667	13.59494625	12.353569	13.516009	12.545714	13.002332	11.289188	8.213942	14.264949	10.906458
ec259	10.5973105	10.575556	10.9701646666667	8.4478403	6.88588148	11.8482044166667	9.78304133333333	7.96470236666667	10.0131661041667	13.8240678125	9.896278	13.528984	11.429723	10.981148	10.236667	9.439086	13.001778	8.217444
ec260	10.527995	10.892843	8.79967933333333	8.8306546	7.20879108	12.5981945833333	9.95329133333333	10.2966883111111	10.5102633541667	14.81121325	11.3768	14.9357	13.900462	14.8543415	9.389452	8.084927	12.955722	7.5951867
ec261	9.5327911875	8.414441	8.08775366666667	7.8118974625	6.70469176	11.8189823333333	9.12004533333333	9.94097194444444	10.4245400208333	14.004528125	12.991998	14.527514	11.860833	12.415286	10.773877	8.185093	13.14934	8.473114
ec262	10.916831	10.893881	10.6667356666667	9.894880125	7.6408745	12.8361198333333	9.83634833333333	9.86800628888889	10.1786110583333	13.826899125	11.670622	14.300954	12.3641815	14.217619	10.343685	7.532988	13.115807	7.0804863
ec264	10.6807454375	10.154986	10.5277833333333	10.45457925	7.21008314	11.77564075	9.71097666666667	9.16718622222222	10.1696780833333	13.5723234375	12.618626	13.867009	13.262398	13.378453	9.601901	8.326529	12.843523	6.561513
ec265	10.621259875	10.203098	9.40882233333333	9.296338	8.05294224	12.265174	9.654279	9.79856288888889	10.3880777958333	14.316949375	12.288638	14.521639	12.990498	14.899137	9.491252	7.906308	12.479302	5.856901
ec266	10.1302623125	9.068164	9.63310376666667	8.7576091875	7.17215394	11.6402129166667	9.75646833333333	9.2817413	10.3189702708333	14.329419625	12.83844	13.355364	12.920057	14.745445	10.707189	8.499325	13.20671	8.26416
ec269	10.97323785	12.246399	8.22342956666667	9.9507327875	7.26037984	11.32149145	8.8334145	8.49258226666667	9.71423970833333	13.478707	12.918224	13.432385	12.722295	13.306855	11.082337	8.818417	14.018727	5.905949
ec273	10.8789942875	10.67673	11.783515	10.1506146875	7.64011872	11.3065223333333	10.3670771666667	10.1535449777778	9.716573675	12.7491968125	13.210542	16.044226	13.747333	15.386744	10.6357765	6.7062173	12.504224	4.972338
ec274	10.37838225	9.166498	8.18609513333333	10.10284925	7.70636832	11.4553631666667	9.78130866666667	10.3362711444444	10.0888552583333	13.786563	14.276234	15.330202	14.137614	15.090125	10.326118	8.007472	12.935833	8.5137005
ec275	9.9776765625	9.152937	7.79350833333333	8.4982728	7.4684506	12.1769984166667	8.80854733333333	9.1526788	9.93790785833333	13.822087375	10.9953785	14.62639	12.710992	15.041266	10.254211	7.24533	13.493039	7.2459235
ec277	10.7214681125	13.955482	10.4417126666667	10.372877	7.66490224	12.7588018333333	9.338655	7.69512172222222	9.6976439625	13.6071288125	11.192212	13.237259	12.594761	9.72344	9.687929	8.691384	13.362873	7.1580834
ec279	10.8292193	10.157573	10.3268614666667	11.748201625	7.5205702	11.3905290833333	8.7622042	9.71806263333333	9.73862478333333	13.425043125	12.551384	14.325045	12.50673	14.502269	10.142602	7.5539355	12.447416	5.510469
ec280	10.8149079	11.0858755	9.93707456666667	9.1612986375	7.55183988	12.037852	8.83179176666667	9.0567217	9.71915828333333	14.4285026875	11.829126	14.346007	12.449933	13.329024	9.492394	7.482584	12.835997	6.940135
ec281	9.2321184875	7.622688	6.22045676666667	7.6229011375	7.11569542	10.4154758333333	8.55345123333333	8.94912056666667	9.3622471375	12.69268775	13.016253	15.179287	12.221727	14.717654	9.027048	7.1821914	11.979749	5.64617
ec284	9.720170375	9.474607	8.1908902	9.7015267	7.36846994	11.8731013333333	9.078171	9.05250946666667	9.69730854166667	14.169642375	12.99253	15.145529	15.227331	14.749773	10.305204	8.0002775	13.157657	6.294142
ec285	10.7778145	9.94055	8.62247816666667	9.571382875	7.5544478	11.8876899166667	10.0991978333333	9.77091211111111	10.493261975	14.6406425	13.069852	15.10678	13.797744	15.155753	9.514711	8.138502	11.90562	7.0845838
ec287	9.183030575	8.645888	11.1951193333333	8.47647115	7.30158906	10.0236807166667	8.75300483333333	9.04999893333333	9.74871093333333	13.308089875	12.413004	13.835875	12.896328	13.261809	11.322764	9.041547	13.192104	6.885195
ec288	11.1334625	12.191499	9.48814033333333	9.60097845	7.49475818	12.1780166666667	10.734866	9.06905043333333	9.87364482916667	13.084959875	12.014471	14.216003	13.704371	15.15325	10.607831	9.106435	13.162064	6.660691
ec29	9.225046975	8.303938	7.5857558	9.098896425	7.4078863	11.4116736333333	8.52330466666667	9.76197933333333	9.9209501	13.508384375	13.654386	16.46558	14.356954	16.044226	9.601901	7.421823	12.655512	4.6555505
ec30	9.9984965375	9.029816	7.93348283333333	7.56420885	7.73291748	11.5551713333333	8.4283377	7.24052241111111	9.37506709583333	12.8898981625	12.216995	14.480189	13.719674	12.32619	9.57791	7.8124886	12.231903	6.525307
ec68	9.65731795	8.268392	7.93109716666667	7.765151975	7.9444452	10.7798411666667	8.39462016666667	8.5264559	8.79680662916667	13.92600725	12.372273	13.701861	12.737304	10.165028	10.854485	7.838309	12.931882	6.127825
ec80	9.2146225625	8.818068	8.00858606666667	7.6198029625	7.11846658	10.3365346666667	7.45982533333333	7.7300903	8.33656828333333	13.0757218375	12.498162	15.146873	14.804759	13.400373	10.41463	6.519844	13.021558	6.659189
ec81	9.1514165125	14.15639	6.53461476666667	7.7371474875	6.96971798	9.39806371666667	8.8090493	7.475265	8.4063063375	13.266274375	11.712614	13.797198	12.549882	10.812838	11.14825	8.720713	13.051634	5.8004317
ec108	8.8387944	8.607876	9.82261223333333	9.1013139375	7.55979772	9.7592257	7.84059913333333	8.18514602222222	8.74650705	12.38714825	12.759418	14.085269	13.051845	11.749526	10.800421	6.9640565	13.17418	7.6147804
ec119	11.077597075	11.092539	7.90521336666667	9.6800321	7.6188865	11.4414569166667	9.50958533333333	8.95602158888889	9.4618763875	13.76381375	12.258508	14.40915	12.095489	14.040862	9.510547	8.707526	12.867443	4.9933143
ec120	11.1795766625	10.654734	8.769915	8.861990875	7.89751254	11.4733529333333	8.56449933333333	9.75813537777778	9.31341397916667	12.3600068125	12.711956	15.884811	13.408374	15.278078	10.02843	9.007632	12.213488	5.2301617
ec122	10.7743250375	10.494961	8.15779443333333	8.7883411625	8.01446668	12.06306775	9.87574266666667	8.92050955555556	9.18753742916667	12.091406375	12.221569	15.511748	14.138248	13.854098	11.281048	9.4549265	13.496262	4.8635116
ec131	10.3824697125	11.892907	8.54868746666667	8.210387175	7.8756539	11.9501458333333	7.90512496666667	8.16434183333333	9.08901079583333	13.3113156875	8.310809	12.9872	12.488616	13.349515	10.747853	8.35862	12.812473	3.2494555
ec132	11.2578672125	11.526366	8.5509897	10.72073625	8.0668936	13.0591683333333	10.081011	9.92558011111111	9.58981210416667	14.2456260625	11.712047	13.836966	13.094857	14.886609	8.65945	8.504471	12.934551	5.2694693
ec134	9.5800412	8.154551	8.17005043333333	8.3697590125	6.74322286	10.7731177333333	8.50911083333333	7.79449576666667	9.211855125	13.722978625	13.163576	14.862469	13.488041	12.638368	8.760273	7.1449127	10.802991	6.183411
ec135	9.81433585	13.018269	7.64731763333333	8.5914925	7.16631718	10.1024315833333	8.23589633333333	8.78373925555556	8.65659205833333	12.4719720625	11.504214	13.992685	12.433552	12.959381	10.287878	8.374041	13.510832	4.312729
ec142	8.68281455	8.049077	7.29638096666667	7.37814135	6.62838762	10.9061419333333	8.70312833333333	8.67654967777778	9.24118605	13.3978028125	14.106916	14.602393	13.843254	12.995435	9.462264	8.638802	12.805624	6.1225243
ec148	9.3257004875	7.907241	7.0679529	7.3524824	7.12760778	10.1402323333333	7.94426813333333	7.87305707777778	8.9011587875	14.217825625	12.781401	14.022985	12.963098	13.216575	9.49563	6.5584564	13.277835	7.490716
ec136	10.2473563875	9.419921	7.21793923333333	6.6403564125	7.59243706	10.8181076666667	7.33409756666667	7.95379511111111	10.1744372333333	13.725600875	11.20058	13.576005	10.974503	10.881641	11.082917	7.322482	12.430615	8.519459
ec146	9.6038855	7.682089	6.4321418	7.1458055125	7.30864408	11.59333975	9.36231146666667	9.17717858888889	9.64582302083333	13.0723185625	13.23361	15.083595	14.249863	14.190235	10.529082	7.4802823	13.078004	7.99346
ec205	10.5647898875	10.455568	9.0388011	9.753982875	7.78273196	12.5635456666667	9.54534133333333	9.24071104444444	9.94234590416667	14.4319215	12.08786	14.093399	12.703486	12.927379	10.6195345	7.1842318	12.532019	8.483106
ec206	10.76875175	9.850577	8.5618795	9.03653315	8.3119344	11.9015316666667	9.89604066666667	9.883742	10.7242453958333	14.15096025	13.0133505	16.088816	14.302591	15.687077	9.34453	7.5144935	11.561877	4.9698973
ec207	10.1298904375	9.987767	8.3008802	7.981374625	7.39746524	11.8168748	10.5536731666667	8.9314799	10.7469359791667	14.412235375	11.27688	13.01483	11.185403	12.424072	10.135934	6.9823947	12.477191	8.184054
ec208	10.1496894375	8.840427	8.39719143333333	7.8298283125	7.45290436	12.2109411666667	9.08256833333333	8.96808927777778	9.89728452083333	14.29543625	11.463337	14.645753	12.525104	12.673439	9.296921	6.9603558	12.634097	6.470203
ec210	10.3480975125	10.332208	8.36355733333333	8.924056775	7.43030916	11.7908743833333	8.472831	9.37921322222222	9.51044212916667	13.4398450625	11.531239	13.9257	12.777426	15.830739	11.504652	8.455053	12.341859	5.9576864
ec211	12.2026687125	14.457391	6.48670066666667	8.329104375	7.09281844	11.1789268333333	8.60433703333333	8.5335683	10.5025296583333	13.696736125	11.643705	13.408374	12.924541	11.321996	10.929944	9.338178	13.754404	8.1119175
ec212	11.29928875	11.332042	8.84421466666667	9.0615647125	7.87338294	12.9263713333333	10.2211848333333	8.98491375555555	10.3186051958333	14.59750775	12.117864	14.106916	12.59681	14.875498	9.539536	8.5617695	12.397858	7.2411885
ec214	11.6320460625	12.956811	9.76885233333333	9.769292475	7.83582268	12.6021255	10.3210276666667	8.52895371111111	9.8660808	14.448923125	10.8987875	13.280648	12.187471	13.283232	10.819699	9.188306	12.233426	7.0787826
ec215	10.4309028	10.150959	8.41673933333333	8.5433183125	7.22730046	11.6102468333333	10.1701308333333	8.41220948888889	9.87888883333333	13.8967970625	13.372065	13.879059	12.83844	14.753116	12.032756	8.768231	13.417523	6.7965355
ec216	10.501868825	10.056502	8.78490833333333	8.6825905125	6.79249134	12.204126	10.9093203333333	10.2230365555556	10.4270715583333	14.1314625	13.846403	15.272991	14.621136	16.412035	10.106438	8.261557	12.453577	7.843425
ec218	10.9604296875	9.880394	8.70478866666667	8.057818075	8.1703201	12.1630169166667	11.3181198333333	8.68846434444444	10.3817701125	14.345447375	11.504078	12.8475275	12.603238	14.477449	10.985679	9.120357	12.745055	9.133976
ec219	11.665153875	11.042993	10.808578	10.6181185	7.87320544	12.7983988333333	10.775223	9.83906077777778	10.5774993666667	14.60901075	12.361158	13.850953	12.542605	14.537935	9.93934	8.50355	12.470062	7.0221686
ec220	10.3959636375	8.747578	7.4169043	8.70829125	6.59166644	12.1435860833333	9.609584	10.1893938222222	10.3507417083333	14.119756375	12.504738	15.056697	13.678771	16.58852	9.744936	8.89656	11.70911	5.8586845
ec221	10.7935539375	8.906121	9.40232866666667	8.6971592	7.25018728	11.6136799166667	9.94566433333333	10.0120661111111	10.2956265791667	12.757784625	12.9993305	14.996211	13.263369	14.803294	10.836162	7.7851577	12.6696615	7.7300873
ec222	10.46798	10.108529	9.237769	8.75346475	6.9441347	12.04332875	9.91611733333333	9.22970998888889	10.0405466166667	14.29319825	12.941188	14.411336	12.646251	15.000238	10.869324	8.283611	12.565935	7.5681005
ec223	11.0593615	11.224462	9.122506	9.980939025	7.6202692	12.4415758333333	9.65383383333333	9.04153348888889	10.3043995291667	14.53854175	11.301597	13.092572	11.290546	14.235557	9.654195	9.371195	12.509321	8.115176
ec236	11.8187891875	13.60432	8.9814662	10.59264475	8.18917166	12.4202896666667	10.3729236666667	9.21123297777778	9.424984675	13.428849125	11.314073	14.486353	12.352259	15.224051	9.438948	8.601276	11.929227	4.8206573
ec239	10.2219794375	9.191345	8.7871269	8.453082375	7.28602812	11.5656011666667	9.118752	10.0980687333333	9.80274075833333	14.0302899375	12.979296	14.948503	13.656748	14.966246	10.383819	6.679637	12.293129	6.962768
ec241	10.8229357	9.447632	8.20960203333333	11.0007586875	7.27621778	12.3899936666667	10.3889343333333	10.4785716111111	10.3410216	13.94406925	13.966624	15.570993	13.4505415	15.966981	9.441911	8.108945	12.414625	7.3928647
ec243	10.347832875	11.133235	8.49744933333333	9.3196283375	7.56233046	11.6605161166667	8.29168516666667	8.5489856	9.41146097083333	13.448916375	12.435794	13.587444	12.761697	12.858133	9.802341	8.230395	13.358864	5.864878
ec245	11.0625995	9.875601	8.29324333333333	10.836478375	7.21968274	12.3021503333333	10.1407913333333	10.0429716666667	9.96338730833333	14.296676875	12.159268	14.204316	13.129366	14.9007225	8.625594	7.8624554	12.523307	7.069707
ec246	11.49887375	12.424929	8.6193849	9.3067835875	7.96364468	12.6018806666667	9.43600133333333	8.92363578888889	9.29637111666667	13.603913625	12.183935	13.759418	12.498479	13.925966	9.174641	8.193053	12.696624	5.8783326
ec247	10.8739522125	11.606981	9.51521946666667	9.304673	8.01332972	11.5955871666667	8.48193223333333	8.69381517777778	9.48867311666667	12.985785925	12.254851	14.738102	13.63594	15.30025	10.372584	6.7933226	12.957704	4.4315963
ec249	9.6183313375	9.425135	7.290619	9.237414	7.80729168	11.27010775	8.43834	8.89943277777778	9.8601573125	12.914029625	11.544245	15.26652	12.929031	14.517028	10.819847	7.723151	12.382262	5.5830374
ec228	11.419104875	11.461288	10.244861	12.201525875	7.63033488	12.69056225	10.8890983333333	9.14938372222222	10.1073988625	14.2247854375	11.632987	13.921593	13.22493	12.588785	9.079184	8.779634	12.525614	7.0622096
ec229	9.9652190125	9.36096	8.86000866666667	8.1056130625	6.61719496	12.078523	10.308591	9.34370396666667	10.1239640416667	14.268556375	12.563656	14.39768	13.057446	12.881502	9.597258	7.9245977	12.261917	7.4619718
ec231	10.82542865	9.726052	10.8724584	7.9696052125	7.23783226	11.149603	9.22510033333333	9.20076576666667	10.0215229916667	14.289813125	13.007394	14.23654	13.802371	15.305847	9.776745	7.1205897	12.233736	6.2521567
ec234	10.4356302	9.482562	9.767947	10.99615525	6.87287236	11.4165103333333	9.64098566666667	9.54516638888889	9.978727775	13.62767425	13.414432	14.789655	14.5655365	15.013342	8.9405	7.211007	12.161273	6.585567
ec102	9.90525595	8.557469	8.33153	7.756195225	7.28022166	11.9854878333333	8.69503466666667	9.23150105555556	10.3147152541667	14.194717125	12.924903	16.327143	13.128984	14.97482	9.547759	7.9837728	12.351035	5.688078
ec112	8.9338174125	10.157573	7.832101	7.578548075	7.78799608	9.4509591	6.3203923	6.76083762222222	7.48140386666667	12.360361875	12.036393	13.894221	11.916981	11.359717	10.4936	7.7468677	13.65722	3.637058
ec117	9.70174065	10.141339	6.64834023333333	7.957499675	7.97569508	10.7545630333333	7.521796	7.87733216666667	8.691168125	13.9640215625	11.487573	13.975517	11.849886	12.939392	9.860824	6.623882	13.228843	5.5482435
ec129	9.67772275	9.554646	8.155931	8.05649085	7.32008842	10.1025817166667	7.3199835	7.46737677777778	8.12349832083333	11.881799675	11.80208	14.580592	13.3953705	12.010648	10.827827	6.2212477	12.618446	4.9926753
ec201	9.9693320625	8.339021	7.02791766666667	8.0440018875	7.31954266	11.2304534333333	9.90464233333333	8.75349584444444	8.92283194166667	14.0511780625	11.675647	14.294396	13.584643	13.370191	10.096114	7.4261427	12.557817	7.545491
ec217	9.5603568125	9.119139	7.72027876666667	7.8113820875	7.59361386	10.8261523333333	8.864434	8.48365946666667	9.40612886666667	13.819888875	11.161418	14.414735	13.520267	14.294067	9.295525	6.0650573	11.26227	6.2389483
ec268	10.318680275	9.349252	11.2442293333333	8.302912	7.10262076	11.0093373333333	9.635208	9.48440018888889	9.74661573333333	12.728841375	13.728355	14.8944	13.826855	14.824917	10.794399	8.540872	12.675164	7.796324
ec290	10.037038375	9.127968	9.64137333333333	9.15869685	7.4929158	11.3021635	8.81771783333333	9.38904861111111	9.86299921666667	14.329608125	11.808875	14.49236	13.02348	15.6681595	9.327364	7.6702223	11.729303	6.939358
ec297	11.1001796	11.339952	9.13807833333333	10.571294125	8.04136566	12.6063656666667	9.445873	10.3433069444444	10.0552428541667	13.9262316875	12.19245	14.948503	13.744601	14.942582	9.3095665	7.2335343	11.752478	3.86516
ec9	9.51076135	8.236218	7.17994356666667	8.4764731125	7.31860438	10.0321782166667	9.510324	8.57674972222222	9.09046443333333	12.879912875	13.028986	15.505597	14.127386	14.967925	10.398815	6.7168593	13.193086	7.6684966
ec10	10.1684616875	9.375916	8.11111	8.5274509875	7.58896554	10.7081587333333	8.90681533333333	8.25684764444444	9.1444352625	12.58768425	12.205131	14.401854	14.190235	14.391136	9.626936	5.1241117	12.437883	8.003097
ec11	10.6365222	9.875764	8.0157604	11.351190625	7.93113456	10.0638661666667	8.8043223	8.52088808888889	7.651075725	10.7668903125	14.206838	16.35939	14.715375	15.468133	7.3917966	6.506995	11.807078	5.004365
ec12	9.4278805	7.8878117	7.06780746666667	7.7350422875	7.6875778	9.35992655	7.57136946666667	9.31122437777778	8.60663002916667	12.40576505	13.196531	15.552451	14.573111	15.676063	9.036791	5.9100876	12.371808	5.0527897
ec13	10.884604725	10.179558	10.5448402333333	10.8950286875	7.68840748	10.307822	7.80360913333333	8.84048422222222	8.52448885416667	12.01090875	12.579663	14.506817	13.312973	14.180553	9.9100275	7.0293965	12.106547	5.401834
ec23	9.2724859125	7.4726453	6.72226693333333	7.2928891	7.79616108	9.28427756666667	7.98398116666667	8.83466755555555	8.07140795416667	11.42732175	13.152612	15.635602	13.626588	15.84304	8.731061	6.3913903	12.36697	4.822317
ec25	10.979776525	9.832155	8.512324	8.769534275	7.14555418	11.70692975	10.4292133333333	8.93298818888889	9.80477524583333	14.2780941875	12.463883	14.217951	13.877707	12.480123	8.232535	8.832406	12.080906	6.31557
ec26	10.2620339375	10.6407585	9.20006616666667	8.1040888125	7.6256834	11.43404775	9.92180166666667	8.86172536666667	9.37692970833333	13.775064	11.622846	13.685728	13.132988	12.897761	9.624778	9.115721	12.291073	5.3902707
ec27	9.1999168	7.9377418	6.53284583333333	7.6685230875	7.66592926	9.59517266666667	7.00658586666667	8.41934891111111	8.19589954583333	12.065077125	13.485069	16.346048	14.889167	16.379042	8.5549555	6.0174265	12.84126	3.4417038
ec28	8.8436151	7.527775	6.5751678	7.476245625	7.49165518	9.61342566666667	6.76062333333333	7.29503027777778	8.26374778333333	12.8872018125	11.962445	14.057693	13.030425	12.676523	9.095089	7.189234	13.043715	5.7130823
ec31	11.144832875	12.086504	10.0145673333333	9.7761713125	7.98424404	12.5925185	8.871458	8.64190452222222	9.519110575	13.5862189375	11.507888	13.973576	13.367886	13.960526	10.201258	7.8647914	12.639201	6.5015526
ec32	9.6735687125	8.474013	7.3233611	8.607297575	7.5049126	11.13403705	7.64921646666667	7.34499502222222	8.26018543333333	12.829664625	10.596659	14.211417	13.534431	13.019562	9.449354	6.4207764	13.126712	5.468755
ec36	8.6388726125	9.469514	8.44196243333333	7.8684940625	7.3682003	10.11496935	7.16894933333333	7.94908125555556	8.49741981666667	11.9926822	13.32027	14.444149	14.154223	13.722244	10.1695	6.1667757	12.708384	5.5762963
ec42	9.8080666625	8.221008	7.722806	7.1752384125	7.1722959	12.9247596666667	7.96335413333333	8.28583136666667	10.5129713875	13.827781375	10.052797	13.551398	9.794875	12.858461	10.811523	8.362863	12.368898	11.40091
ec45	8.66897385	7.4129148	5.51994433333333	7.859599375	7.22560634	9.09937348333333	7.7209149	7.42305206666667	9.06125587916667	13.9577960625	11.670323	13.724455	12.473785	9.875764	10.582324	7.183928	12.696267	7.5671854
ec46	9.0417982875	7.4991417	6.95980243333333	8.1312934	7.30047546	8.86640455	7.67366923333333	8.22607611111111	8.5039278125	12.2737700625	12.018886	14.196229	13.401636	12.398858	10.351729	6.852662	11.736567	6.3384113
ec49	10.88078125	12.576234	9.74138343333333	8.5801437875	7.8094228	10.99049125	8.19415933333333	9.25968218888889	9.66546685833333	13.0348445875	11.847129	15.117745	13.294543	14.857509	9.980586	8.196705	13.094669	3.9021008
ec51	10.2200195	11.122655	10.5680836666667	8.316610175	7.74031054	11.0163777166667	7.34072936666667	8.81615436666667	9.0187526125	13.4515117125	12.134342	14.034659	12.303903	14.63523	9.021121	6.693087	12.117551	4.356533
ec52	9.5662978125	8.713286	7.65266333333333	8.166093675	7.18241186	11.63302335	8.40389933333333	8.43900816666667	8.83600935	12.90837825	12.995256	15.016274	14.660894	15.892893	8.688827	6.1601505	11.813291	4.136944
ec60	10.6612600375	14.717187	7.08416986666667	8.0922931625	7.70240728	10.9853115	8.66954053333333	6.75356392222222	8.14504529583333	12.9062196625	9.889523	14.044056	13.375462	11.144404	10.965351	9.029972	13.425104	5.1660805
ec61	9.3942672125	8.685393	9.1858153	7.3284288	7.30633142	9.17945371666667	6.544052	8.6690405	8.78421252916667	12.946144475	12.746742	14.62993	13.491711	13.64472	9.598034	7.05287	12.473286	5.5807743
ec71	9.51102595	8.947521	7.14895706666667	7.35544395	7.72936734	11.3392678333333	8.1933301	8.02039548888889	9.30769048333333	13.2806984375	11.761159	13.656014	12.254851	11.293238	9.744936	7.12641	12.060393	5.269249
ec73	10.5349362	11.970213	8.729723	8.3136871375	7.53938274	12.0296108333333	7.55660766666667	8.06796254444444	9.09375538333333	13.5593116875	11.430579	13.865942	13.208012	15.1000185	9.654364	7.790686	13.105225	5.9293385
ec74	8.3849375	7.20863	6.85322093333333	7.268476075	7.26132864	8.80598766666667	8.053796	8.56194002222222	9.35461237083333	13.846445375	11.237555	13.953224	11.597854	12.4196	9.2351055	7.011725	13.465527	6.389008
ec76	9.7282188125	7.451363	8.29711203333333	7.43620995	6.8265753	9.28933243333333	8.09617846666667	8.13369727777778	8.54064795	12.7823913125	12.429784	14.140523	13.121579	12.423741	9.424349	6.123548	12.983891	8.84229
ec77	9.1387532875	7.4299946	9.2483762	7.5837322	6.94086964	9.88900948333333	8.27127243333333	8.95845655555556	9.71916785416667	13.41371675	12.943738	15.138365	14.150116	14.882845	9.820714	6.501718	12.936361	5.6797595
ec79	9.115219325	7.973975	9.97884346666667	7.2245725875	7.12342106	9.41821358333333	8.88907013333333	8.64386314444444	8.8825757125	12.9912605625	11.908493	14.191449	13.893681	12.494332	10.348429	6.057108	12.407767	6.402954
ec87	10.356080375	9.911577	8.37373196666667	7.692446325	8.17424296	11.1575395	9.64500633333333	7.89567465555556	9.18133302916667	13.30020725	12.915341	15.022274	14.254782	14.529893	8.660701	6.433444	12.32266	6.072243
ec91	8.8118140375	9.526785	6.22522453333333	7.42175355	8.63008026	9.426754	7.7864565	8.75104495555555	8.57958488333333	12.987032875	12.526303	14.404365	13.10389	13.688585	8.534396	4.950218	11.660007	4.32677
ec92	10.9781497125	10.206432	8.38517566666667	10.6010925	7.4042904	11.6429043333333	10.0479913333333	9.26606158888889	9.41043070833333	13.37990325	12.385787	15.017982	14.820855	14.0777645	8.2417345	7.4799643	11.894423	3.5961313
ec94	11.1455805	12.629517	9.321614	8.9145258125	7.567598	12.7989881666667	9.89109666666667	8.21262618888889	9.3303316	14.031058875	11.592214	13.925966	13.7201805	13.86462	9.676141	7.965409	12.043959	6.976239
ec4	10.1676183375	11.500573	8.140041	9.0787738125	7.59368324	10.6992248833333	7.36640463333333	8.66990742222222	8.80078650833333	13.634219375	13.290292	16.489765	14.466224	15.581893	8.527834	6.9100156	11.53452	4.8143525
ec6	11.067032875	12.337443	9.15807683333333	8.3376173375	7.0023772	11.6816716666667	9.66487166666667	7.54640723333333	8.97386308333333	12.698134	11.809185	13.418183	11.655757	10.479789	11.256056	9.304702	13.4957905	6.9474525
ec7	9.911977575	8.448422	7.759001	9.9766375	7.61736064	11.04373665	8.73416866666667	8.36699442222222	9.1681382625	13.2554578125	12.713819	15.0346365	13.686208	14.484052	8.165811	7.352977	11.523666	4.7901554
ec96	10.21594275	8.93593	7.90158366666667	8.3245319625	7.24477974	11.6659525833333	9.012834	9.39622862222222	10.496741875	13.611531375	12.872501	14.611416	13.495548	15.6740675	10.388663	8.077123	12.560216	8.063024
ec97	10.9962634375	9.919312	8.3220925	10.5649999375	6.9744342	11.5925433333333	10.2162583333333	9.03260998888889	9.52952889166667	12.8963905	12.977323	15.414655	14.332054	13.553691	9.343298	7.254455	12.268379	5.4657903
ec101	9.3041541125	11.24955	7.23360966666667	7.388951375	7.05985988	10.6488467166667	8.37596576666667	9.9900197	9.259947475	13.3393049875	12.970251	14.056534	14.172267	14.579771	8.615418	7.5697637	12.568405	4.153415
ec106	9.6638363375	10.573345	8.79599446666667	7.3103116875	7.80496444	11.0857063333333	8.0254665	9.35708994444444	9.03214807083333	12.54961025	13.605949	16.094324	14.310666	15.679147	10.425603	6.0265894	12.887037	5.1251326
