id	category	gene_num.min	gene_num.max	gene_num.rich	Pvalue	up.regulated	down.regulated	rich.factor
GO:0008544	BP	0	2074	104	7.87e-15	6	0	0.05014464802314368
GO:0043588	BP	0	2074	88	2.59e-13	6	0	0.04243008678881389
GO:0045229	BP	0	2074	88	4.44e-12	5	0	0.04243008678881389
GO:0030198	BP	0	2074	87	6.59e-12	5	0	0.041947926711668276
GO:0043062	BP	0	2074	87	6.59e-12	5	0	0.041947926711668276
GO:0007389	BP	0	2074	102	1.39e-08	3	0	0.04918032786885246
GO:0048562	BP	0	2074	73	1.75e-08	6	0	0.0351976856316297
GO:0007088	BP	0	2074	39	8.16e-08	22	0	0.018804243008678882
GO:0003002	BP	0	2074	92	9.54e-08	3	0	0.044358727097396335
GO:0048568	BP	0	2074	96	9.54e-08	8	0	0.04628736740597879
GO:0000070	BP	0	2074	52	9.54e-08	37	0	0.02507232401157184
GO:0140014	BP	0	2074	67	1.42e-07	40	0	0.03230472516875603
GO:0009913	BP	0	2074	61	2.86e-07	4	0	0.029411764705882353
GO:0045787	BP	0	2074	75	3.13e-07	30	0	0.03616200578592092
GO:0051783	BP	0	2074	43	3.93e-07	24	0	0.020732883317261332
GO:0090068	BP	0	2074	63	5.45e-07	30	0	0.03037608486017358
GO:0030216	BP	0	2074	48	6.3e-07	3	0	0.023143683702989394
GO:0033047	BP	0	2074	23	9.14e-07	17	0	0.011089681774349084
GO:0051784	BP	0	2074	25	1.06e-06	18	0	0.012054001928640309
GO:0010965	BP	0	2074	24	1.14e-06	18	0	0.011571841851494697
GO:0048705	BP	0	2074	56	1.52e-06	3	0	0.02700096432015429
GO:0048706	BP	0	2074	38	1.58e-06	2	0	0.01832208293153327
GO:0045839	BP	0	2074	23	1.66e-06	17	0	0.011089681774349084
GO:0033046	BP	0	2074	21	1.66e-06	16	0	0.010125361620057859
GO:0033048	BP	0	2074	21	1.66e-06	16	0	0.010125361620057859
GO:0045841	BP	0	2074	21	1.66e-06	16	0	0.010125361620057859
GO:2000816	BP	0	2074	21	1.66e-06	16	0	0.010125361620057859
GO:0007517	BP	0	2074	76	2.54e-06	7	0	0.03664416586306654
GO:0051306	BP	0	2074	24	2.54e-06	18	0	0.011571841851494697
GO:0000280	BP	0	2074	89	2.76e-06	49	0	0.0429122468659595
GO:0000819	BP	0	2074	55	2.76e-06	39	0	0.02651880424300868
GO:0051985	BP	0	2074	21	3.13e-06	16	0	0.010125361620057859
GO:1902100	BP	0	2074	21	3.13e-06	16	0	0.010125361620057859
GO:1905819	BP	0	2074	21	3.13e-06	16	0	0.010125361620057859
GO:0007094	BP	0	2074	20	3.13e-06	15	0	0.009643201542912247
GO:0071173	BP	0	2074	20	3.13e-06	15	0	0.009643201542912247
GO:0071174	BP	0	2074	20	3.13e-06	15	0	0.009643201542912247
GO:0007059	BP	0	2074	85	3.35e-06	51	0	0.040983606557377046
GO:0060537	BP	0	2074	87	3.91e-06	7	0	0.041947926711668276
GO:0031577	BP	0	2074	20	4.53e-06	15	0	0.009643201542912247
GO:1905818	BP	0	2074	26	4.77e-06	19	0	0.01253616200578592
GO:0051960	BP	0	2074	91	5e-06	5	0	0.04387656702025072
GO:0098813	BP	0	2074	68	5.6e-06	43	0	0.03278688524590164
GO:0051310	BP	0	2074	31	6.43e-06	24	0	0.014946962391513982
GO:0048285	BP	0	2074	94	7.4e-06	49	0	0.04532304725168756
GO:0051304	BP	0	2074	27	8.28e-06	19	0	0.013018322082931534
GO:0048736	BP	0	2074	46	1.04e-05	2	0	0.022179363548698167
GO:0060173	BP	0	2074	46	1.04e-05	2	0	0.022179363548698167
GO:0035107	BP	0	2074	39	2.34e-05	2	0	0.018804243008678882
GO:0035108	BP	0	2074	39	2.34e-05	2	0	0.018804243008678882
GO:0034329	BP	0	2074	86	2.9e-05	1	0	0.041465766634522665
GO:0009952	BP	0	2074	50	3.94e-05	2	0	0.024108003857280617
GO:0072001	BP	0	2074	67	4.42e-05	4	0	0.03230472516875603
GO:0003012	BP	0	2074	86	4.91e-05	9	0	0.041465766634522665
GO:0048704	BP	0	2074	28	5.68e-05	2	0	0.013500482160077145
GO:0048565	BP	0	2074	35	6.35e-05	2	0	0.016875602700096432
GO:0043270	BP	0	2074	48	6.84e-05	2	0	0.023143683702989394
GO:0007080	BP	0	2074	21	7.48e-05	15	0	0.010125361620057859
GO:0051303	BP	0	2074	31	8e-05	24	0	0.014946962391513982
GO:0009954	BP	0	2074	15	9.2e-05	0	0	0.007232401157184185
GO:0007015	BP	0	2074	86	9.22e-05	11	0	0.041465766634522665
GO:0030199	BP	0	2074	22	9.99e-05	1	0	0.010607521697203472
GO:0008608	BP	0	2074	19	0.00010834	17	0	0.009161041465766635
GO:0031032	BP	0	2074	48	0.00010834	9	0	0.023143683702989394
GO:0016338	BP	0	2074	12	0.000114223	0	0	0.0057859209257473485
GO:0050000	BP	0	2074	32	0.00011772	25	0	0.015429122468659595
GO:0018149	BP	0	2074	13	0.000129653	0	0	0.00626808100289296
GO:0033045	BP	0	2074	29	0.00013184	21	0	0.013982642237222759
GO:0006936	BP	0	2074	69	0.000136101	9	0	0.03326904532304725
GO:0031424	BP	0	2074	25	0.000142319	0	0	0.012054001928640309
GO:0001503	BP	0	2074	82	0.000150585	6	0	0.03953712632594021
GO:0007091	BP	0	2074	27	0.000151189	20	0	0.013018322082931534
GO:0055123	BP	0	2074	36	0.000152647	2	0	0.017357762777242044
GO:2000027	BP	0	2074	26	0.000159887	4	0	0.01253616200578592
GO:0035725	BP	0	2074	42	0.000171483	3	0	0.020250723240115717
GO:0030071	BP	0	2074	26	0.000196265	19	0	0.01253616200578592
GO:0030856	BP	0	2074	40	0.000201938	5	0	0.019286403085824494
GO:0007492	BP	0	2074	25	0.000207096	1	0	0.012054001928640309
GO:0051962	BP	0	2074	59	0.000233966	2	0	0.02844744455159113
GO:0001706	BP	0	2074	20	0.000237208	1	0	0.009643201542912247
GO:0051983	BP	0	2074	33	0.000257547	23	0	0.01591128254580521
GO:0044784	BP	0	2074	27	0.000257547	20	0	0.013018322082931534
GO:0031214	BP	0	2074	41	0.000287054	5	0	0.019768563162970106
GO:0016053	BP	0	2074	65	0.000287054	4	0	0.0313404050144648
GO:0140694	BP	0	2074	76	0.000287054	31	0	0.03664416586306654
GO:0090596	BP	0	2074	56	0.000329079	5	0	0.02700096432015429
GO:1902099	BP	0	2074	26	0.000329079	19	0	0.01253616200578592
GO:0050808	BP	0	2074	87	0.000329079	2	0	0.041947926711668276
GO:0006631	BP	0	2074	74	0.000329079	2	0	0.03567984570877531
GO:0030239	BP	0	2074	23	0.000333142	3	0	0.011089681774349084
GO:0001822	BP	0	2074	62	0.000343202	3	0	0.029893924783027964
GO:0042445	BP	0	2074	50	0.000375266	3	0	0.024108003857280617
GO:0046394	BP	0	2074	64	0.000387101	4	0	0.03085824493731919
GO:0050673	BP	0	2074	85	0.000409881	9	0	0.040983606557377046
GO:0060485	BP	0	2074	64	0.000463406	2	0	0.03085824493731919
GO:0050803	BP	0	2074	51	0.000482619	1	0	0.02459016393442623
GO:0048762	BP	0	2074	54	0.000485263	2	0	0.026036644165863067
GO:0055002	BP	0	2074	23	0.000492506	3	0	0.011089681774349084
GO:0050807	BP	0	2074	50	0.000500931	1	0	0.024108003857280617
GO:0006814	BP	0	2074	50	0.000558371	4	0	0.024108003857280617
GO:0007093	BP	0	2074	34	0.000579983	24	0	0.01639344262295082
GO:0010038	BP	0	2074	67	0.000593833	9	0	0.03230472516875603
GO:0034764	BP	0	2074	45	0.000660964	2	0	0.021697203471552556
GO:0060538	BP	0	2074	40	0.00073741	3	0	0.019286403085824494
GO:0085029	BP	0	2074	18	0.00073741	3	0	0.008678881388621022
GO:0051963	BP	0	2074	29	0.00073741	0	0	0.013982642237222759
GO:1901990	BP	0	2074	66	0.000747684	36	0	0.03182256509161042
GO:0042476	BP	0	2074	32	0.000755095	4	0	0.015429122468659595
GO:0050890	BP	0	2074	61	0.000778591	3	0	0.029411764705882353
GO:0061448	BP	0	2074	56	0.000783613	2	0	0.02700096432015429
GO:0035136	BP	0	2074	15	0.000805526	1	0	0.007232401157184185
GO:0003018	BP	0	2074	54	0.000813406	3	0	0.026036644165863067
GO:0030326	BP	0	2074	30	0.000834864	2	0	0.01446480231436837
GO:0035113	BP	0	2074	30	0.000834864	2	0	0.01446480231436837
GO:0034508	BP	0	2074	12	0.000858008	9	0	0.0057859209257473485
GO:0051315	BP	0	2074	11	0.000884897	10	0	0.005303760848601736
GO:0034767	BP	0	2074	35	0.001059428	2	0	0.016875602700096432
GO:0035115	BP	0	2074	13	0.00111054	1	0	0.00626808100289296
GO:0007586	BP	0	2074	32	0.00111054	2	0	0.015429122468659595
GO:0010001	BP	0	2074	51	0.001330739	4	0	0.02459016393442623
GO:0051383	BP	0	2074	10	0.001354388	8	0	0.0048216007714561235
GO:0051988	BP	0	2074	10	0.001354388	8	0	0.0048216007714561235
GO:0051965	BP	0	2074	19	0.001363405	0	0	0.009161041465766635
GO:0007548	BP	0	2074	55	0.001400927	5	0	0.02651880424300868
GO:0050767	BP	0	2074	70	0.001405263	4	0	0.033751205400192864
GO:0044772	BP	0	2074	78	0.00145839	43	0	0.037608486017357765
GO:0060348	BP	0	2074	44	0.00151328	4	0	0.021215043394406944
GO:0042060	BP	0	2074	75	0.00151328	7	0	0.03616200578592092
GO:0016049	BP	0	2074	84	0.001574252	10	0	0.040501446480231434
GO:0051216	BP	0	2074	43	0.001587821	2	0	0.020732883317261332
GO:0007584	BP	0	2074	36	0.001603688	4	0	0.017357762777242044
GO:0048511	BP	0	2074	56	0.001603688	8	0	0.02700096432015429
GO:0030282	BP	0	2074	30	0.001603688	3	0	0.01446480231436837
GO:0042471	BP	0	2074	30	0.001603688	3	0	0.01446480231436837
GO:0042391	BP	0	2074	77	0.001603688	4	0	0.03712632594021215
GO:0042063	BP	0	2074	63	0.001603688	4	0	0.03037608486017358
GO:0045616	BP	0	2074	14	0.001603688	2	0	0.006750241080038573
GO:0060560	BP	0	2074	48	0.001634913	1	0	0.023143683702989394
GO:0051592	BP	0	2074	33	0.001703169	5	0	0.01591128254580521
GO:0048546	BP	0	2074	16	0.001718807	0	0	0.007714561234329798
GO:0060993	BP	0	2074	25	0.00173211	1	0	0.012054001928640309
GO:0021953	BP	0	2074	38	0.001750459	0	0	0.01832208293153327
GO:0010882	BP	0	2074	11	0.001803319	1	0	0.005303760848601736
GO:0090231	BP	0	2074	10	0.001896772	7	0	0.0048216007714561235
GO:0098742	BP	0	2074	53	0.00192143	0	0	0.025554484088717456
GO:0015718	BP	0	2074	38	0.001933228	1	0	0.01832208293153327
GO:0072330	BP	0	2074	45	0.001933228	2	0	0.021697203471552556
GO:0098773	BP	0	2074	30	0.002007737	2	0	0.01446480231436837
GO:0070830	BP	0	2074	20	0.002087559	1	0	0.009643201542912247
GO:0015711	BP	0	2074	77	0.002145571	6	0	0.03712632594021215
GO:1902751	BP	0	2074	12	0.002212438	5	0	0.0057859209257473485
GO:1904062	BP	0	2074	57	0.002285962	5	0	0.027483124397299902
GO:0042472	BP	0	2074	26	0.002330513	2	0	0.01253616200578592
GO:0030258	BP	0	2074	40	0.002349571	2	0	0.019286403085824494
GO:0015849	BP	0	2074	64	0.00237477	5	0	0.03085824493731919
GO:0006813	BP	0	2074	47	0.00240863	2	0	0.02266152362584378
GO:0032412	BP	0	2074	44	0.002441972	4	0	0.021215043394406944
GO:0007416	BP	0	2074	42	0.002517296	0	0	0.020250723240115717
GO:1901991	BP	0	2074	40	0.002564629	25	0	0.019286403085824494
GO:0035987	BP	0	2074	16	0.002594581	0	0	0.007714561234329798
GO:0061458	BP	0	2074	57	0.002594581	6	0	0.027483124397299902
GO:0034440	BP	0	2074	27	0.002608898	0	0	0.013018322082931534
GO:1901987	BP	0	2074	77	0.002664697	41	0	0.03712632594021215
GO:0022898	BP	0	2074	45	0.002691569	4	0	0.021697203471552556
GO:0016042	BP	0	2074	61	0.002719664	1	0	0.029411764705882353
GO:1904064	BP	0	2074	31	0.002723618	2	0	0.014946962391513982
GO:0007519	BP	0	2074	36	0.002788346	3	0	0.017357762777242044
GO:0021700	BP	0	2074	61	0.002911765	8	0	0.029411764705882353
GO:1902850	BP	0	2074	35	0.00291767	25	0	0.016875602700096432
GO:0006939	BP	0	2074	26	0.002935919	2	0	0.01253616200578592
GO:0007051	BP	0	2074	40	0.003016927	25	0	0.019286403085824494
GO:0006270	BP	0	2074	13	0.00308174	9	0	0.00626808100289296
GO:0055001	BP	0	2074	41	0.00308174	5	0	0.019768563162970106
GO:0009437	BP	0	2074	7	0.00308174	1	0	0.0033751205400192863
GO:0042045	BP	0	2074	7	0.00308174	0	0	0.0033751205400192863
GO:0050678	BP	0	2074	70	0.00310389	8	0	0.033751205400192864
GO:0048608	BP	0	2074	56	0.00310389	6	0	0.02700096432015429
GO:0000075	BP	0	2074	39	0.003110946	27	0	0.018804243008678882
GO:0048588	BP	0	2074	46	0.003123254	1	0	0.022179363548698167
GO:0046660	BP	0	2074	28	0.003176735	1	0	0.013500482160077145
GO:0010971	BP	0	2074	11	0.003197638	5	0	0.005303760848601736
GO:0042634	BP	0	2074	11	0.003197638	0	0	0.005303760848601736
GO:0034762	BP	0	2074	81	0.003287159	6	0	0.0390549662487946
GO:0046942	BP	0	2074	63	0.003346042	5	0	0.03037608486017358
GO:0048638	BP	0	2074	59	0.003482261	4	0	0.02844744455159113
GO:0031589	BP	0	2074	63	0.003584039	4	0	0.03037608486017358
GO:0035357	BP	0	2074	10	0.003584039	0	0	0.0048216007714561235
GO:0001763	BP	0	2074	41	0.003584039	1	0	0.019768563162970106
GO:0042573	BP	0	2074	12	0.003604396	0	0	0.0057859209257473485
GO:0006577	BP	0	2074	8	0.003692906	1	0	0.003857280617164899
GO:0035265	BP	0	2074	37	0.003729225	3	0	0.017839922854387655
GO:0007162	BP	0	2074	56	0.003729225	2	0	0.02700096432015429
GO:0010927	BP	0	2074	30	0.003729225	4	0	0.01446480231436837
GO:0045165	BP	0	2074	53	0.003729225	3	0	0.025554484088717456
GO:0007369	BP	0	2074	40	0.003729225	2	0	0.019286403085824494
GO:0071711	BP	0	2074	13	0.00374449	0	0	0.00626808100289296
GO:0071277	BP	0	2074	22	0.004029788	4	0	0.010607521697203472
GO:0001656	BP	0	2074	23	0.004052142	0	0	0.011089681774349084
GO:0042475	BP	0	2074	23	0.004052142	2	0	0.011089681774349084
GO:2001251	BP	0	2074	23	0.004052142	18	0	0.011089681774349084
GO:0043616	BP	0	2074	17	0.004052142	0	0	0.00819672131147541
GO:0045604	BP	0	2074	17	0.004052142	2	0	0.00819672131147541
GO:0120254	BP	0	2074	34	0.004288987	2	0	0.01639344262295082
GO:0051703	BP	0	2074	16	0.004362805	0	0	0.007714561234329798
GO:0014074	BP	0	2074	31	0.004420267	6	0	0.014946962391513982
GO:0010812	BP	0	2074	18	0.004447304	1	0	0.008678881388621022
GO:0045682	BP	0	2074	18	0.004447304	2	0	0.008678881388621022
GO:0007043	BP	0	2074	33	0.004447304	1	0	0.01591128254580521
GO:0061138	BP	0	2074	38	0.004502797	1	0	0.01832208293153327
GO:2000649	BP	0	2074	15	0.004502797	1	0	0.007232401157184185
GO:0071695	BP	0	2074	50	0.004502797	7	0	0.024108003857280617
GO:0007611	BP	0	2074	51	0.004502797	1	0	0.02459016393442623
GO:1901976	BP	0	2074	14	0.004632653	9	0	0.006750241080038573
GO:0001704	BP	0	2074	29	0.004646664	1	0	0.013982642237222759
GO:0005513	BP	0	2074	7	0.004869711	0	0	0.0033751205400192863
GO:0090232	BP	0	2074	7	0.004869711	6	0	0.0033751205400192863
GO:0035914	BP	0	2074	20	0.004869711	1	0	0.009643201542912247
GO:0120192	BP	0	2074	20	0.004869711	1	0	0.009643201542912247
GO:0071805	BP	0	2074	42	0.004869711	2	0	0.020250723240115717
GO:0061041	BP	0	2074	30	0.004953859	4	0	0.01446480231436837
GO:0032414	BP	0	2074	21	0.004991278	2	0	0.010125361620057859
GO:0120193	BP	0	2074	21	0.004991278	1	0	0.010125361620057859
GO:0032963	BP	0	2074	25	0.00504411	1	0	0.012054001928640309
GO:0090266	BP	0	2074	9	0.005115863	6	0	0.004339440694310511
GO:1903504	BP	0	2074	9	0.005115863	6	0	0.004339440694310511
GO:0019722	BP	0	2074	44	0.005404712	4	0	0.021215043394406944
GO:0072073	BP	0	2074	32	0.005577651	1	0	0.015429122468659595
GO:0006633	BP	0	2074	34	0.006223783	2	0	0.01639344262295082
GO:0072009	BP	0	2074	27	0.006249459	1	0	0.013018322082931534
GO:0033559	BP	0	2074	26	0.00645192	1	0	0.01253616200578592
GO:0045930	BP	0	2074	46	0.006506956	26	0	0.022179363548698167
GO:0003007	BP	0	2074	49	0.006506956	6	0	0.023625843780135006
GO:0006261	BP	0	2074	33	0.006522916	23	0	0.01591128254580521
GO:0043297	BP	0	2074	20	0.006614571	1	0	0.009643201542912247
GO:0010880	BP	0	2074	11	0.007150026	1	0	0.005303760848601736
GO:0034765	BP	0	2074	60	0.007171762	5	0	0.02892960462873674
GO:0051146	BP	0	2074	55	0.007181703	7	0	0.02651880424300868
GO:0014808	BP	0	2074	12	0.007268056	2	0	0.0057859209257473485
GO:0035137	BP	0	2074	12	0.007268056	1	0	0.0057859209257473485
GO:0060317	BP	0	2074	12	0.007268056	1	0	0.0057859209257473485
GO:0007530	BP	0	2074	9	0.007268056	0	0	0.004339440694310511
GO:0010881	BP	0	2074	9	0.007268056	1	0	0.004339440694310511
GO:0006260	BP	0	2074	50	0.007386705	29	0	0.024108003857280617
GO:0051231	BP	0	2074	7	0.007782547	6	0	0.0033751205400192863
GO:0051255	BP	0	2074	7	0.007782547	6	0	0.0033751205400192863
GO:0071415	BP	0	2074	7	0.007782547	4	0	0.0033751205400192863
GO:0051208	BP	0	2074	29	0.007908157	4	0	0.013982642237222759
GO:0035176	BP	0	2074	15	0.007923382	0	0	0.007232401157184185
GO:1901989	BP	0	2074	26	0.007950314	12	0	0.01253616200578592
GO:0141091	BP	0	2074	65	0.008137061	3	0	0.0313404050144648
GO:0007409	BP	0	2074	74	0.008195749	2	0	0.03567984570877531
GO:0043269	BP	0	2074	76	0.008195749	6	0	0.03664416586306654
GO:0042759	BP	0	2074	10	0.008407618	1	0	0.0048216007714561235
GO:0010948	BP	0	2074	55	0.008537255	33	0	0.02651880424300868
GO:1901992	BP	0	2074	23	0.008537255	12	0	0.011089681774349084
GO:0048732	BP	0	2074	73	0.008890662	9	0	0.0351976856316297
GO:1903514	BP	0	2074	12	0.009113119	2	0	0.0057859209257473485
GO:0045786	BP	0	2074	67	0.009219713	35	0	0.03230472516875603
GO:0021545	BP	0	2074	17	0.009219713	0	0	0.00819672131147541
GO:0006690	BP	0	2074	27	0.009565808	1	0	0.013018322082931534
GO:0051282	BP	0	2074	28	0.010274301	4	0	0.013500482160077145
GO:0090329	BP	0	2074	14	0.0103488	11	0	0.006750241080038573
GO:1902305	BP	0	2074	16	0.0103488	1	0	0.007714561234329798
GO:0032868	BP	0	2074	48	0.010665784	4	0	0.023143683702989394
GO:0045835	BP	0	2074	6	0.010877585	4	0	0.0028929604628736743
GO:0051256	BP	0	2074	6	0.010877585	6	0	0.0028929604628736743
GO:0086070	BP	0	2074	6	0.010877585	0	0	0.0028929604628736743
GO:0035116	BP	0	2074	10	0.011140105	1	0	0.0048216007714561235
GO:0051447	BP	0	2074	8	0.011244169	4	0	0.003857280617164899
GO:1901978	BP	0	2074	8	0.011244169	6	0	0.003857280617164899
GO:0021782	BP	0	2074	28	0.011244169	2	0	0.013500482160077145
GO:0071248	BP	0	2074	38	0.011303619	4	0	0.01832208293153327
GO:2000243	BP	0	2074	21	0.011303619	5	0	0.010125361620057859
GO:0061436	BP	0	2074	11	0.011393299	2	0	0.005303760848601736
GO:2000241	BP	0	2074	40	0.011410272	11	0	0.019286403085824494
GO:0034501	BP	0	2074	7	0.011648752	6	0	0.0033751205400192863
GO:0035358	BP	0	2074	7	0.011648752	0	0	0.0033751205400192863
GO:0044771	BP	0	2074	7	0.011648752	6	0	0.0033751205400192863
GO:1903083	BP	0	2074	7	0.011648752	6	0	0.0033751205400192863
GO:1901890	BP	0	2074	24	0.011753625	0	0	0.011571841851494697
GO:0010171	BP	0	2074	14	0.012180147	3	0	0.006750241080038573
GO:0051235	BP	0	2074	57	0.012717398	11	0	0.027483124397299902
GO:0007422	BP	0	2074	21	0.012774951	1	0	0.010125361620057859
GO:1904888	BP	0	2074	18	0.012779532	2	0	0.008678881388621022
GO:2000242	BP	0	2074	19	0.012866959	4	0	0.009161041465766635
GO:0046683	BP	0	2074	27	0.012866959	5	0	0.013018322082931534
GO:0003205	BP	0	2074	33	0.013264962	3	0	0.01591128254580521
GO:0045471	BP	0	2074	26	0.013562781	4	0	0.01253616200578592
GO:0042044	BP	0	2074	12	0.013891476	2	0	0.0057859209257473485
GO:0051785	BP	0	2074	16	0.014035285	5	0	0.007714561234329798
GO:0051209	BP	0	2074	27	0.014350805	4	0	0.013018322082931534
GO:0033273	BP	0	2074	21	0.014408389	3	0	0.010125361620057859
GO:0060021	BP	0	2074	21	0.014408389	2	0	0.010125361620057859
GO:0001508	BP	0	2074	30	0.014640348	2	0	0.01446480231436837
GO:0072088	BP	0	2074	19	0.014696415	1	0	0.009161041465766635
GO:0001708	BP	0	2074	24	0.014696415	1	0	0.011571841851494697
GO:0032409	BP	0	2074	46	0.014828831	4	0	0.022179363548698167
GO:1903046	BP	0	2074	40	0.015341485	20	0	0.019286403085824494
GO:2001014	BP	0	2074	8	0.015341485	1	0	0.003857280617164899
GO:0032535	BP	0	2074	61	0.015385713	7	0	0.029411764705882353
GO:0051283	BP	0	2074	27	0.015713128	4	0	0.013018322082931534
GO:0044786	BP	0	2074	13	0.015726432	10	0	0.00626808100289296
GO:1990138	BP	0	2074	34	0.015894109	1	0	0.01639344262295082
GO:0045926	BP	0	2074	44	0.016111235	5	0	0.021215043394406944
GO:0032411	BP	0	2074	21	0.016111235	2	0	0.010125361620057859
GO:0006575	BP	0	2074	36	0.016176835	4	0	0.017357762777242044
GO:0010959	BP	0	2074	64	0.016806198	6	0	0.03085824493731919
GO:0000022	BP	0	2074	6	0.016943171	6	0	0.0028929604628736743
GO:0000727	BP	0	2074	6	0.016943171	4	0	0.0028929604628736743
GO:0090267	BP	0	2074	6	0.016943171	5	0	0.0028929604628736743
GO:0098528	BP	0	2074	6	0.016943171	0	0	0.0028929604628736743
GO:0060562	BP	0	2074	56	0.017014861	4	0	0.02700096432015429
GO:0007178	BP	0	2074	67	0.017014861	3	0	0.03230472516875603
GO:0042303	BP	0	2074	25	0.017049664	0	0	0.012054001928640309
GO:0042633	BP	0	2074	25	0.017049664	0	0	0.012054001928640309
GO:0098810	BP	0	2074	11	0.01731886	0	0	0.005303760848601736
GO:0060541	BP	0	2074	40	0.017343359	4	0	0.019286403085824494
GO:0045216	BP	0	2074	39	0.017343359	2	0	0.018804243008678882
GO:0072006	BP	0	2074	31	0.017456004	1	0	0.014946962391513982
GO:0001558	BP	0	2074	67	0.01774306	10	0	0.03230472516875603
GO:0070098	BP	0	2074	21	0.017762851	0	0	0.010125361620057859
GO:1903034	BP	0	2074	34	0.018276539	5	0	0.01639344262295082
GO:0050909	BP	0	2074	16	0.018276539	1	0	0.007714561234329798
GO:0048713	BP	0	2074	13	0.018276539	1	0	0.00626808100289296
GO:0051656	BP	0	2074	74	0.018276539	30	0	0.03567984570877531
GO:0019395	BP	0	2074	23	0.018276539	0	0	0.011089681774349084
GO:0003151	BP	0	2074	19	0.018276539	3	0	0.009161041465766635
GO:0061333	BP	0	2074	19	0.018276539	1	0	0.009161041465766635
GO:0072028	BP	0	2074	19	0.018276539	1	0	0.009161041465766635
GO:0019730	BP	0	2074	27	0.018276539	3	0	0.013018322082931534
GO:0008643	BP	0	2074	31	0.018744242	2	0	0.014946962391513982
GO:0006493	BP	0	2074	22	0.018963565	1	0	0.010607521697203472
GO:0006721	BP	0	2074	22	0.018963565	0	0	0.010607521697203472
GO:0018958	BP	0	2074	24	0.019432658	0	0	0.011571841851494697
GO:0071772	BP	0	2074	34	0.019440521	1	0	0.01639344262295082
GO:0071773	BP	0	2074	34	0.019440521	1	0	0.01639344262295082
GO:0097553	BP	0	2074	35	0.019527029	4	0	0.016875602700096432
GO:0006935	BP	0	2074	73	0.019527029	4	0	0.0351976856316297
GO:0016055	BP	0	2074	73	0.019527029	7	0	0.0351976856316297
GO:0014706	BP	0	2074	46	0.019552877	5	0	0.022179363548698167
GO:0033002	BP	0	2074	44	0.020136489	7	0	0.021215043394406944
GO:0019369	BP	0	2074	15	0.020250479	0	0	0.007232401157184185
GO:1904427	BP	0	2074	19	0.020480437	2	0	0.009161041465766635
GO:1901988	BP	0	2074	47	0.020480437	28	0	0.02266152362584378
GO:0040020	BP	0	2074	11	0.020480437	7	0	0.005303760848601736
GO:0048665	BP	0	2074	11	0.020480437	0	0	0.005303760848601736
GO:0002685	BP	0	2074	41	0.020480437	3	0	0.019768563162970106
GO:0044242	BP	0	2074	41	0.020480437	1	0	0.019768563162970106
GO:1990868	BP	0	2074	22	0.020719249	0	0	0.010607521697203472
GO:1990869	BP	0	2074	22	0.020719249	0	0	0.010607521697203472
GO:0003206	BP	0	2074	26	0.020742842	2	0	0.01253616200578592
GO:0003231	BP	0	2074	26	0.020742842	3	0	0.01253616200578592
GO:0060343	BP	0	2074	9	0.02083326	0	0	0.004339440694310511
GO:0050919	BP	0	2074	13	0.020923884	0	0	0.00626808100289296
GO:0042330	BP	0	2074	73	0.020923884	4	0	0.0351976856316297
GO:0198738	BP	0	2074	73	0.020923884	7	0	0.0351976856316297
GO:0032970	BP	0	2074	62	0.021426419	9	0	0.029893924783027964
GO:0045137	BP	0	2074	42	0.021433139	5	0	0.020250723240115717
GO:0030509	BP	0	2074	32	0.021712407	1	0	0.015429122468659595
GO:0030900	BP	0	2074	65	0.02177395	6	0	0.0313404050144648
GO:0032496	BP	0	2074	57	0.02178234	6	0	0.027483124397299902
GO:0015850	BP	0	2074	52	0.02178234	5	0	0.02507232401157184
GO:0042693	BP	0	2074	7	0.022071204	1	0	0.0033751205400192863
GO:0051382	BP	0	2074	7	0.022071204	5	0	0.0033751205400192863
GO:0072074	BP	0	2074	7	0.022071204	0	0	0.0033751205400192863
GO:0051279	BP	0	2074	19	0.022421741	2	0	0.009161041465766635
GO:0072078	BP	0	2074	18	0.022923592	1	0	0.008678881388621022
GO:0070486	BP	0	2074	6	0.024128947	2	0	0.0028929604628736743
GO:0001676	BP	0	2074	23	0.024203569	1	0	0.011089681774349084
GO:0048730	BP	0	2074	11	0.024660169	0	0	0.005303760848601736
GO:0031670	BP	0	2074	13	0.024733226	0	0	0.00626808100289296
GO:0044282	BP	0	2074	60	0.02503587	4	0	0.02892960462873674
GO:0002062	BP	0	2074	24	0.025366811	0	0	0.011571841851494697
GO:0035282	BP	0	2074	22	0.025366811	1	0	0.010607521697203472
GO:0002028	BP	0	2074	19	0.025422666	1	0	0.009161041465766635
GO:0001958	BP	0	2074	10	0.025836107	0	0	0.0048216007714561235
GO:0036075	BP	0	2074	10	0.025836107	0	0	0.0048216007714561235
GO:0032956	BP	0	2074	56	0.026297852	9	0	0.02700096432015429
GO:0046037	BP	0	2074	9	0.026299861	1	0	0.004339440694310511
GO:0014009	BP	0	2074	15	0.026400984	0	0	0.007232401157184185
GO:0045931	BP	0	2074	26	0.027138166	12	0	0.01253616200578592
GO:0045740	BP	0	2074	12	0.027138166	6	0	0.0057859209257473485
GO:0070296	BP	0	2074	12	0.027138166	2	0	0.0057859209257473485
GO:0042692	BP	0	2074	67	0.027380389	7	0	0.03230472516875603
GO:0051928	BP	0	2074	24	0.027788006	2	0	0.011571841851494697
GO:0001823	BP	0	2074	22	0.027788006	1	0	0.010607521697203472
GO:0010389	BP	0	2074	22	0.027788006	12	0	0.010607521697203472
GO:0022600	BP	0	2074	22	0.027788006	2	0	0.010607521697203472
GO:0061326	BP	0	2074	22	0.027788006	1	0	0.010607521697203472
GO:0031667	BP	0	2074	75	0.027846656	7	0	0.03616200578592092
GO:0016054	BP	0	2074	43	0.028921902	1	0	0.020732883317261332
GO:0046395	BP	0	2074	43	0.028921902	1	0	0.020732883317261332
GO:0007229	BP	0	2074	23	0.02923833	2	0	0.011089681774349084
GO:0007052	BP	0	2074	26	0.029495576	19	0	0.01253616200578592
GO:0030857	BP	0	2074	14	0.029772128	1	0	0.006750241080038573
GO:0030730	BP	0	2074	7	0.029847691	0	0	0.0033751205400192863
GO:0042053	BP	0	2074	7	0.029847691	0	0	0.0033751205400192863
GO:0042069	BP	0	2074	7	0.029847691	0	0	0.0033751205400192863
GO:0042574	BP	0	2074	7	0.029847691	0	0	0.0033751205400192863
GO:1901970	BP	0	2074	7	0.029847691	6	0	0.0033751205400192863
GO:0071241	BP	0	2074	40	0.029847691	6	0	0.019286403085824494
GO:0043434	BP	0	2074	68	0.030025749	5	0	0.03278688524590164
GO:1901888	BP	0	2074	38	0.030562603	0	0	0.01832208293153327
GO:0044839	BP	0	2074	29	0.030814035	15	0	0.013982642237222759
GO:0002063	BP	0	2074	10	0.031078321	0	0	0.0048216007714561235
GO:0048566	BP	0	2074	10	0.031078321	0	0	0.0048216007714561235
GO:0071230	BP	0	2074	19	0.031220798	0	0	0.009161041465766635
GO:1901379	BP	0	2074	19	0.031220798	0	0	0.009161041465766635
GO:0045840	BP	0	2074	12	0.031504888	3	0	0.0057859209257473485
GO:0097305	BP	0	2074	44	0.031597336	9	0	0.021215043394406944
GO:0014013	BP	0	2074	23	0.031602861	1	0	0.011089681774349084
GO:0001657	BP	0	2074	21	0.03169039	1	0	0.010125361620057859
GO:0060349	BP	0	2074	21	0.03169039	1	0	0.010125361620057859
GO:0018126	BP	0	2074	8	0.031919872	1	0	0.003857280617164899
GO:0003156	BP	0	2074	9	0.031950206	0	0	0.004339440694310511
GO:0021536	BP	0	2074	18	0.031950206	0	0	0.008678881388621022
GO:0055074	BP	0	2074	53	0.032058544	6	0	0.025554484088717456
GO:0009612	BP	0	2074	38	0.032058544	3	0	0.01832208293153327
GO:0043114	BP	0	2074	13	0.032706627	1	0	0.00626808100289296
GO:0048663	BP	0	2074	17	0.032742336	1	0	0.00819672131147541
GO:0007612	BP	0	2074	29	0.032742336	1	0	0.013982642237222759
GO:0014033	BP	0	2074	20	0.032850913	0	0	0.009643201542912247
GO:0034308	BP	0	2074	22	0.032850913	1	0	0.010607521697203472
GO:0046545	BP	0	2074	22	0.032850913	1	0	0.010607521697203472
GO:0009111	BP	0	2074	6	0.033106014	1	0	0.0028929604628736743
GO:0072075	BP	0	2074	6	0.033106014	0	0	0.0028929604628736743
GO:0036293	BP	0	2074	53	0.033498167	4	0	0.025554484088717456
GO:1901654	BP	0	2074	38	0.033655923	7	0	0.01832208293153327
GO:0050769	BP	0	2074	42	0.033655923	2	0	0.020250723240115717
GO:0021892	BP	0	2074	5	0.033655923	0	0	0.0024108003857280617
GO:0031055	BP	0	2074	5	0.033655923	4	0	0.0024108003857280617
GO:0034080	BP	0	2074	5	0.033655923	4	0	0.0024108003857280617
GO:0036093	BP	0	2074	5	0.033655923	1	0	0.0024108003857280617
GO:0048703	BP	0	2074	5	0.033655923	1	0	0.0024108003857280617
GO:0060346	BP	0	2074	5	0.033655923	0	0	0.0024108003857280617
GO:0072203	BP	0	2074	5	0.033655923	0	0	0.0024108003857280617
GO:0072080	BP	0	2074	21	0.033914849	1	0	0.010125361620057859
GO:0072163	BP	0	2074	21	0.033914849	1	0	0.010125361620057859
GO:0072164	BP	0	2074	21	0.033914849	1	0	0.010125361620057859
GO:0098739	BP	0	2074	36	0.03401368	4	0	0.017357762777242044
GO:0048701	BP	0	2074	12	0.035868068	1	0	0.0057859209257473485
GO:0001942	BP	0	2074	20	0.035868068	0	0	0.009643201542912247
GO:0140013	BP	0	2074	35	0.037017457	19	0	0.016875602700096432
GO:0019731	BP	0	2074	16	0.037017457	1	0	0.007714561234329798
GO:0048645	BP	0	2074	16	0.037017457	0	0	0.007714561234329798
GO:0008406	BP	0	2074	40	0.037017457	5	0	0.019286403085824494
GO:0006636	BP	0	2074	13	0.037081822	1	0	0.00626808100289296
GO:0051961	BP	0	2074	29	0.037559461	1	0	0.013982642237222759
GO:0009410	BP	0	2074	68	0.037737967	9	0	0.03278688524590164
GO:0048863	BP	0	2074	42	0.037737967	6	0	0.020250723240115717
GO:0051797	BP	0	2074	7	0.037737967	0	0	0.0033751205400192863
GO:0086014	BP	0	2074	7	0.037737967	1	0	0.0033751205400192863
GO:0086026	BP	0	2074	7	0.037737967	1	0	0.0033751205400192863
GO:0086066	BP	0	2074	7	0.037737967	1	0	0.0033751205400192863
GO:0042403	BP	0	2074	9	0.038153998	0	0	0.004339440694310511
GO:1905820	BP	0	2074	9	0.038153998	7	0	0.004339440694310511
GO:0071621	BP	0	2074	25	0.038471235	3	0	0.012054001928640309
GO:0007623	BP	0	2074	36	0.038625885	4	0	0.017357762777242044
GO:0048469	BP	0	2074	36	0.038625885	6	0	0.017357762777242044
GO:0007411	BP	0	2074	40	0.038727464	0	0	0.019286403085824494
GO:0097485	BP	0	2074	40	0.038727464	0	0	0.019286403085824494
GO:0014821	BP	0	2074	8	0.03874038	0	0	0.003857280617164899
GO:0090103	BP	0	2074	8	0.03874038	1	0	0.003857280617164899
GO:0006023	BP	0	2074	17	0.039964049	1	0	0.00819672131147541
GO:0002237	BP	0	2074	58	0.040242072	6	0	0.027965284474445518
GO:0006022	BP	0	2074	24	0.040941771	2	0	0.011571841851494697
GO:0043266	BP	0	2074	21	0.040941771	0	0	0.010125361620057859
GO:0016101	BP	0	2074	19	0.041051802	0	0	0.009161041465766635
GO:0048483	BP	0	2074	12	0.04121825	0	0	0.0057859209257473485
GO:0051225	BP	0	2074	25	0.041670015	17	0	0.012054001928640309
GO:0051651	BP	0	2074	39	0.041875461	9	0	0.018804243008678882
GO:0090092	BP	0	2074	51	0.042156853	2	0	0.02459016393442623
GO:0000086	BP	0	2074	26	0.042159142	13	0	0.01253616200578592
GO:0042733	BP	0	2074	14	0.042159661	2	0	0.006750241080038573
GO:0086065	BP	0	2074	14	0.042159661	1	0	0.006750241080038573
GO:0001570	BP	0	2074	18	0.042724913	1	0	0.008678881388621022
GO:0071398	BP	0	2074	10	0.042724913	1	0	0.0048216007714561235
GO:0048754	BP	0	2074	29	0.042724913	1	0	0.013982642237222759
GO:1902749	BP	0	2074	23	0.0433131	12	0	0.011089681774349084
GO:0010838	BP	0	2074	6	0.043997118	0	0	0.0028929604628736743
GO:0010889	BP	0	2074	6	0.043997118	0	0	0.0028929604628736743
GO:0030174	BP	0	2074	6	0.043997118	5	0	0.0028929604628736743
GO:0036376	BP	0	2074	6	0.043997118	0	0	0.0028929604628736743
GO:0043652	BP	0	2074	6	0.043997118	0	0	0.0028929604628736743
GO:0070341	BP	0	2074	6	0.043997118	0	0	0.0028929604628736743
GO:0030324	BP	0	2074	34	0.04441296	3	0	0.01639344262295082
GO:0034219	BP	0	2074	26	0.045382203	2	0	0.01253616200578592
GO:0033260	BP	0	2074	11	0.045557284	8	0	0.005303760848601736
GO:0051281	BP	0	2074	11	0.045557284	1	0	0.005303760848601736
GO:0072210	BP	0	2074	11	0.045557284	0	0	0.005303760848601736
GO:0035567	BP	0	2074	16	0.045557284	2	0	0.007714561234329798
GO:0015721	BP	0	2074	9	0.045575614	0	0	0.004339440694310511
GO:1901021	BP	0	2074	9	0.045575614	2	0	0.004339440694310511
GO:0090303	BP	0	2074	15	0.046587013	3	0	0.007232401157184185
GO:0021675	BP	0	2074	20	0.046587013	0	0	0.009643201542912247
GO:0022404	BP	0	2074	20	0.046587013	0	0	0.009643201542912247
GO:0022405	BP	0	2074	20	0.046587013	0	0	0.009643201542912247
GO:0010639	BP	0	2074	57	0.046587013	28	0	0.027483124397299902
GO:0001523	BP	0	2074	18	0.046587013	0	0	0.008678881388621022
GO:0086001	BP	0	2074	18	0.046587013	1	0	0.008678881388621022
GO:0006775	BP	0	2074	12	0.046732645	0	0	0.0057859209257473485
GO:0043583	BP	0	2074	38	0.046924553	3	0	0.01832208293153327
GO:0050900	BP	0	2074	61	0.047139686	6	0	0.029411764705882353
GO:0019372	BP	0	2074	5	0.048098308	0	0	0.0024108003857280617
GO:0042167	BP	0	2074	5	0.048098308	0	0	0.0024108003857280617
GO:0046149	BP	0	2074	5	0.048098308	0	0	0.0024108003857280617
GO:0051987	BP	0	2074	5	0.048098308	3	0	0.0024108003857280617
GO:0071313	BP	0	2074	5	0.048098308	2	0	0.0024108003857280617
GO:1901731	BP	0	2074	5	0.048098308	1	0	0.0024108003857280617
GO:0060048	BP	0	2074	27	0.048272899	4	0	0.013018322082931534
GO:0001666	BP	0	2074	50	0.048933927	4	0	0.024108003857280617
GO:0007626	BP	0	2074	35	0.048951665	1	0	0.016875602700096432
GO:0022604	BP	0	2074	41	0.049454931	1	0	0.019768563162970106
GO:0062023	CC	0	2183	110	3.1e-15	10	0	0.050389372423270726
GO:0045177	CC	0	2183	93	1.81e-06	11	0	0.04260192395785616
GO:0016324	CC	0	2183	83	1.81e-06	11	0	0.038021071919377
GO:0098644	CC	0	2183	13	4.4e-06	0	0	0.005955107650022904
GO:0005788	CC	0	2183	67	6.93e-06	5	0	0.030691708657810353
GO:0001533	CC	0	2183	22	1.43e-05	0	0	0.010077874484654145
GO:0000940	CC	0	2183	12	1.43e-05	10	0	0.005497022446174988
GO:0005581	CC	0	2183	27	2.01e-05	2	0	0.012368300503893724
GO:0005583	CC	0	2183	9	2.3e-05	0	0	0.004122766834631242
GO:0098643	CC	0	2183	9	2.3e-05	0	0	0.004122766834631242
GO:0070160	CC	0	2183	33	0.000196619	3	0	0.015116811726981219
GO:0005604	CC	0	2183	26	0.000196619	0	0	0.011910215300045808
GO:0005923	CC	0	2183	32	0.000196619	3	0	0.014658726523133303
GO:0000779	CC	0	2183	41	0.000208059	31	0	0.018781493357764543
GO:0097060	CC	0	2183	73	0.000270073	1	0	0.03344021988089785
GO:0043292	CC	0	2183	51	0.000342016	6	0	0.0233623453962437
GO:0043296	CC	0	2183	35	0.000419278	3	0	0.01603298213467705
GO:0000776	CC	0	2183	38	0.00049052	29	0	0.017407237746220796
GO:0034702	CC	0	2183	64	0.000529365	5	0	0.029317453046266605
GO:0045211	CC	0	2183	54	0.000532372	0	0	0.024736601007787448
GO:0032432	CC	0	2183	25	0.000648832	1	0	0.011452130096197893
GO:0045121	CC	0	2183	55	0.000648832	5	0	0.025194686211635363
GO:0030017	CC	0	2183	45	0.000648832	4	0	0.020613834173156206
GO:0098857	CC	0	2183	55	0.000680418	5	0	0.025194686211635363
GO:0030016	CC	0	2183	48	0.000680418	5	0	0.021988089784699953
GO:0034703	CC	0	2183	42	0.001005942	3	0	0.01923957856161246
GO:0045178	CC	0	2183	56	0.001781187	9	0	0.02565277141548328
GO:0099634	CC	0	2183	28	0.001803462	0	0	0.01282638570774164
GO:0016328	CC	0	2183	19	0.001803462	3	0	0.008703618873110398
GO:0009925	CC	0	2183	53	0.001803462	9	0	0.024278515803939534
GO:0001725	CC	0	2183	22	0.001803462	1	0	0.010077874484654145
GO:0097517	CC	0	2183	22	0.001803462	1	0	0.010077874484654145
GO:0042641	CC	0	2183	23	0.001816667	1	0	0.010535959688502062
GO:0000775	CC	0	2183	48	0.00292338	36	0	0.021988089784699953
GO:0030018	CC	0	2183	29	0.002990407	2	0	0.013284470911589555
GO:1904724	CC	0	2183	16	0.003306689	1	0	0.007329363261566651
GO:0000793	CC	0	2183	51	0.003557873	36	0	0.0233623453962437
GO:0031253	CC	0	2183	61	0.003924975	4	0	0.027943197434722858
GO:0044291	CC	0	2183	19	0.004021542	1	0	0.008703618873110398
GO:0030315	CC	0	2183	15	0.004099798	2	0	0.006871278057718736
GO:0042383	CC	0	2183	30	0.004159298	4	0	0.013742556115437472
GO:0044304	CC	0	2183	18	0.004292344	0	0	0.008245533669262483
GO:0098839	CC	0	2183	23	0.005258898	0	0	0.010535959688502062
GO:1990351	CC	0	2183	76	0.005258898	6	0	0.03481447549244159
GO:0031674	CC	0	2183	30	0.006264951	2	0	0.013742556115437472
GO:0044853	CC	0	2183	25	0.006271066	2	0	0.011452130096197893
GO:0008076	CC	0	2183	21	0.006870116	0	0	0.00961978928080623
GO:0031528	CC	0	2183	11	0.006870116	0	0	0.005038937242327073
GO:0098985	CC	0	2183	7	0.007015419	0	0	0.00320659642693541
GO:0042734	CC	0	2183	33	0.007181285	1	0	0.015116811726981219
GO:0098984	CC	0	2183	60	0.00791684	1	0	0.027485112230874943
GO:1902495	CC	0	2183	71	0.008799249	6	0	0.03252404947320202
GO:0014704	CC	0	2183	14	0.010577443	0	0	0.00641319285387082
GO:0098636	CC	0	2183	15	0.011150481	2	0	0.006871278057718736
GO:0032279	CC	0	2183	55	0.011196055	0	0	0.025194686211635363
GO:0034705	CC	0	2183	22	0.011886768	0	0	0.010077874484654145
GO:0009897	CC	0	2183	65	0.01194146	4	0	0.02977553825011452
GO:0060076	CC	0	2183	16	0.01298812	0	0	0.007329363261566651
GO:0016528	CC	0	2183	21	0.013595336	2	0	0.00961978928080623
GO:0005819	CC	0	2183	68	0.015733307	39	0	0.031149793861658268
GO:0016323	CC	0	2183	44	0.01636482	6	0	0.02015574896930829
GO:0043034	CC	0	2183	7	0.020376593	2	0	0.00320659642693541
GO:0005884	CC	0	2183	24	0.022595936	1	0	0.010994044892349977
GO:0098687	CC	0	2183	63	0.022595936	44	0	0.02885936784241869
GO:0098981	CC	0	2183	5	0.023900721	0	0	0.0022904260192395786
GO:0001726	CC	0	2183	33	0.024482052	3	0	0.015116811726981219
GO:0016459	CC	0	2183	14	0.02657855	3	0	0.00641319285387082
GO:0005901	CC	0	2183	18	0.027484707	2	0	0.008245533669262483
GO:0016529	CC	0	2183	17	0.028362495	2	0	0.007787448465414567
GO:0070820	CC	0	2183	30	0.030729995	3	0	0.013742556115437472
GO:0099572	CC	0	2183	54	0.032096708	0	0	0.024736601007787448
GO:0031252	CC	0	2183	65	0.032971955	4	0	0.02977553825011452
GO:0042555	CC	0	2183	5	0.03502809	3	0	0.0022904260192395786
GO:0071162	CC	0	2183	5	0.03502809	4	0	0.0022904260192395786
GO:0014069	CC	0	2183	50	0.035062495	0	0	0.022904260192395786
GO:0005912	CC	0	2183	33	0.035918715	0	0	0.015116811726981219
GO:0098982	CC	0	2183	17	0.038733987	0	0	0.007787448465414567
GO:0031941	CC	0	2183	9	0.038806647	0	0	0.004122766834631242
GO:0098978	CC	0	2183	62	0.041755408	2	0	0.028401282638570773
GO:0051233	CC	0	2183	10	0.041755408	7	0	0.004580852038479157
GO:0000922	CC	0	2183	31	0.044721937	15	0	0.014200641319285386
GO:0044306	CC	0	2183	24	0.046186174	0	0	0.010994044892349977
GO:0030139	CC	0	2183	54	0.047053507	5	0	0.024736601007787448
GO:0044224	CC	0	2183	5	0.048158201	0	0	0.0022904260192395786
GO:0005201	MF	0	2114	51	1.75e-08	4	0	0.024124881740775782
GO:0003779	MF	0	2114	95	1.21e-07	10	0	0.044938505203405865
GO:0019842	MF	0	2114	41	2.25e-05	2	0	0.019394512771996216
GO:0043177	MF	0	2114	51	2.25e-05	5	0	0.024124881740775782
GO:0030020	MF	0	2114	19	3.25e-05	0	0	0.008987701040681173
GO:0031406	MF	0	2114	48	3.71e-05	5	0	0.02270577105014191
GO:0019838	MF	0	2114	36	0.000118924	0	0	0.017029328287606435
GO:0051015	MF	0	2114	48	0.000179234	6	0	0.02270577105014191
GO:0003774	MF	0	2114	30	0.000681675	12	0	0.014191106906338695
GO:0003777	MF	0	2114	21	0.001381099	11	0	0.009933774834437087
GO:0030414	MF	0	2114	40	0.001381099	3	0	0.01892147587511826
GO:0005539	MF	0	2114	50	0.001381099	2	0	0.023651844843897825
GO:0005506	MF	0	2114	36	0.001422757	3	0	0.017029328287606435
GO:1901618	MF	0	2114	18	0.001775184	2	0	0.008514664143803218
GO:0004866	MF	0	2114	38	0.002172043	3	0	0.017975402081362345
GO:0008307	MF	0	2114	15	0.002324115	2	0	0.007095553453169348
GO:0005518	MF	0	2114	20	0.002800682	2	0	0.00946073793755913
GO:0001216	MF	0	2114	84	0.002800682	7	0	0.039735099337748346
GO:0072341	MF	0	2114	26	0.002800682	4	0	0.01229895931882687
GO:0048407	MF	0	2114	7	0.003003461	0	0	0.0033112582781456954
GO:0046873	MF	0	2114	77	0.003521198	6	0	0.03642384105960265
GO:0033293	MF	0	2114	22	0.003705754	2	0	0.010406811731315043
GO:1901681	MF	0	2114	52	0.003705754	1	0	0.02459791863765374
GO:0031005	MF	0	2114	8	0.003876049	0	0	0.003784295175023652
GO:0001228	MF	0	2114	82	0.003876049	6	0	0.03878902554399243
GO:0016918	MF	0	2114	9	0.004347794	0	0	0.004257332071901609
GO:0008017	MF	0	2114	53	0.004378303	24	0	0.025070955534531692
GO:0061135	MF	0	2114	39	0.004665298	3	0	0.018448438978240302
GO:0061134	MF	0	2114	46	0.004794223	3	0	0.021759697256385997
GO:0019841	MF	0	2114	8	0.005652472	0	0	0.003784295175023652
GO:0016702	MF	0	2114	10	0.005652472	0	0	0.004730368968779565
GO:0008028	MF	0	2114	18	0.007105797	1	0	0.008514664143803218
GO:0016701	MF	0	2114	10	0.00794848	0	0	0.004730368968779565
GO:0005216	MF	0	2114	75	0.008385019	7	0	0.035477767265846734
GO:0005217	MF	0	2114	11	0.009087634	2	0	0.005203405865657522
GO:0019865	MF	0	2114	10	0.010635446	1	0	0.004730368968779565
GO:0015081	MF	0	2114	33	0.010844169	2	0	0.015610217596972564
GO:0015291	MF	0	2114	52	0.012031403	3	0	0.02459791863765374
GO:0008514	MF	0	2114	48	0.01220504	5	0	0.02270577105014191
GO:0001786	MF	0	2114	18	0.015295532	2	0	0.008514664143803218
GO:0004869	MF	0	2114	12	0.015295532	2	0	0.005676442762535478
GO:0008201	MF	0	2114	35	0.015298888	1	0	0.016556291390728478
GO:0010314	MF	0	2114	8	0.017280431	0	0	0.003784295175023652
GO:0000900	MF	0	2114	7	0.017575717	1	0	0.0033112582781456954
GO:0005501	MF	0	2114	12	0.017877518	0	0	0.005676442762535478
GO:0019840	MF	0	2114	12	0.017877518	0	0	0.005676442762535478
GO:0005125	MF	0	2114	44	0.019520343	1	0	0.020813623462630087
GO:0005504	MF	0	2114	14	0.019520343	2	0	0.006622516556291391
GO:0015079	MF	0	2114	32	0.019520343	2	0	0.015137180700094607
GO:0043178	MF	0	2114	21	0.021825045	1	0	0.009933774834437087
GO:0099106	MF	0	2114	29	0.021825045	1	0	0.013718070009460738
GO:0004857	MF	0	2114	65	0.021825045	5	0	0.03074739829706717
GO:0004252	MF	0	2114	34	0.024121984	3	0	0.01608325449385052
GO:0048306	MF	0	2114	19	0.024121984	3	0	0.008987701040681173
GO:0020037	MF	0	2114	29	0.02587411	2	0	0.013718070009460738
GO:0022836	MF	0	2114	52	0.029462268	5	0	0.02459791863765374
GO:0005261	MF	0	2114	56	0.029762468	5	0	0.026490066225165563
GO:0051213	MF	0	2114	21	0.029762468	0	0	0.009933774834437087
GO:0017022	MF	0	2114	18	0.029762468	3	0	0.008514664143803218
GO:0005200	MF	0	2114	24	0.029762468	2	0	0.011352885525070956
GO:0043394	MF	0	2114	11	0.029762468	0	0	0.005203405865657522
GO:0008236	MF	0	2114	36	0.029762468	3	0	0.017029328287606435
GO:0005516	MF	0	2114	38	0.030327815	4	0	0.017975402081362345
GO:0016247	MF	0	2114	29	0.030506646	1	0	0.013718070009460738
GO:0099094	MF	0	2114	27	0.030506646	3	0	0.012771996215704825
GO:0050840	MF	0	2114	16	0.030506646	3	0	0.007568590350047304
GO:0046906	MF	0	2114	30	0.031062559	2	0	0.014191106906338695
GO:0016705	MF	0	2114	34	0.031419783	1	0	0.01608325449385052
GO:0141108	MF	0	2114	29	0.032166898	1	0	0.013718070009460738
GO:0017171	MF	0	2114	36	0.038126279	3	0	0.017029328287606435
GO:0005342	MF	0	2114	34	0.039978505	4	0	0.01608325449385052
GO:0016709	MF	0	2114	11	0.041079892	0	0	0.005203405865657522
GO:0015276	MF	0	2114	32	0.041079892	3	0	0.015137180700094607
GO:0017116	MF	0	2114	8	0.042890653	5	0	0.003784295175023652
GO:0005178	MF	0	2114	30	0.046268018	0	0	0.014191106906338695
GO:0022834	MF	0	2114	32	0.047697416	3	0	0.015137180700094607
